93 0.12500000E+03 0.70870537E+02 0.46870159E+03 0.46375278E+03 9.1555625 0.0020919896 1.22e-01 XENON-OK
678 0.12500000E+03 0.70112813E+02 0.20059307E+03 0.21332824E+03 0.045737895 0.010615452 1.25e-01 Excluded by XENON1T_2018  100.0% 
1692 0.12500000E+03 0.64099166E+02 0.25249574E+03 0.24755887E+03 0.23733379 0.014328143 1.30e-01 Excluded by XENON1T_2018  100.0% 
4183 0.12500000E+03 0.70691767E+02 0.34766396E+03 0.35791774E+03 0.42953894 0.003751427 1.23e-01 XENON-OK
5933 0.12500000E+03 0.70913452E+02 0.58091225E+03 0.58337263E+03 0.082523692 0.002079026 1.20e-01 XENON-OK
6976 0.12500000E+03 0.71502465E+02 0.16965321E+03 0.15246040E+03 0.3077366 0.0062701502 1.15e-01 Excluded by XENON1T_2018  90.2% 
8694 0.12500000E+03 0.69490882E+03 0.70057136E+03 0.69773331E+03 0.013867175 0.002346109 1.27e-01 XENON-OK
9530 0.12500000E+03 0.71318600E+02 0.34937838E+03 0.36424065E+03 0.56655678 0.0016166683 1.14e-01 XENON-OK
9643 0.12500000E+03 0.71346450E+02 0.12135910E+03 0.15881447E+03 0.41378282 0.0034790354 1.26e-01 XENON-OK
12251 0.12500000E+03 0.71285117E+02 0.13974966E+03 0.18563793E+03 0.072906442 0.0026916532 1.24e-01 XENON-OK
13277 0.12500000E+03 0.67152905E+02 0.13808258E+03 0.13830641E+03 0.015072237 0.023809404 1.27e-01 Excluded by XENON1T_2018  100.0% 
13884 0.12500000E+03 0.61762955E+03 0.61905116E+03 0.62162784E+03 15.610274 0.0066134552 1.16e-01 XENON-OK
16019 0.12500000E+03 0.70260647E+02 0.52716288E+03 0.52530496E+03 3.0241578 0.0092003435 1.16e-01 Excluded by XENON1T_2018  99.7% 
17413 0.12500000E+03 0.68490389E+02 0.17908757E+03 0.16991632E+03 0.0012952052 0.023047537 1.17e-01 Excluded by XENON1T_2018  100.0% 
17712 0.12500000E+03 0.72662066E+03 0.73304634E+03 0.72939178E+03 6.5543219 0.018743899 1.24e-01 XENON-OK
18729 0.12500000E+03 0.65121087E+02 0.20360068E+03 0.21672196E+03 0.008187819 0.018903034 1.28e-01 Excluded by XENON1T_2018  100.0% 
19204 0.12500000E+03 0.69940123E+02 0.39603165E+03 0.38977069E+03 0.2406035 0.0084666249 1.27e-01 Excluded by XENON1T_2018  99.2% 
19725 0.12500000E+03 0.76833733E+03 0.76957459E+03 0.77464545E+03 0.59045808 0.0011555084 1.21e-01 XENON-OK
20683 0.12500000E+03 0.64122009E+02 0.26051872E+03 0.27738795E+03 0.014325781 0.015912864 1.16e-01 Excluded by XENON1T_2018  100.0% 
20786 0.12500000E+03 0.66231209E+02 0.20618713E+03 0.21480641E+03 0.29195021 0.023185716 1.18e-01 Excluded by XENON1T_2018  100.0% 
