0 125.1 372.537 413.445 448.787 3.65573 0.703474
1 125.1 727.689 805.963 851.397 0.733225 1.42985
2 125.1 776.091 823.403 804.043 2.66126 -0.663818
3 125.1 216.163 567.773 568.359 3.73005 1.93273
4 125.1 623.095 753.465 762.7 0.00651396 1.1727
5 125.1 538.876 546.577 620.419 1.0821 1.82293
6 125.1 221.761 358.16 346.953 3.7812 0.999051
7 125.1 434.241 470.441 451.725 2.91626 1.46207
8 125.1 21.1804 151 186.016 1.20997 0.454085
9 125.1 217.596 246.927 282.361 0.920609 0.977504
10 125.1 161.327 563.691 562.316 1.14517 0.0807629
11 125.1 577.425 725.172 718.795 1.43962 1.62809
12 125.1 151.271 369.907 393.87 1.00537 1.02948
13 125.1 351.184 475.369 354.041 1.00022 1.96855
14 125.1 327.471 475.554 503.134 1.43814 0.386386
15 125.1 523.723 618.918 630.157 3.42032 1.79479
16 125.1 116.517 259.466 271.827 3.90969 -0.962009
17 125.1 398.556 450.001 492.96 2.26199 0.257852
18 125.1 264.798 513.19 519.122 3.13568 1.16444
19 125.1 599.993 670.216 618.209 0.578143 0.045617
20 125.1 545.808 743.862 755.943 3.1244 1.3868
21 125.1 788.991 808.58 803.689 3.06918 1.73863
22 125.1 431.27 490.031 474.431 0.92506 1.47916
23 125.1 501.812 570.455 583.924 1.21828 0.327418
24 125.1 310.565 380.018 312.549 0.13663 0.440872
25 125.1 500.116 525.945 543.345 0.784016 0.323692
26 125.1 100.349 239.896 241.078 1.56214 0.101789
27 125.1 208.254 260.778 233.246 3.57719 -0.23606
28 125.1 828.842 965.563 835.747 0.0924522 1.98494
29 125.1 304.627 310.187 337.2 0.515823 1.12318
30 125.1 865.362 991.698 873.222 2.55572 0.261048
31 125.1 181.76 372.047 372.906 2.75614 0.863074
32 125.1 792.895 833.398 809.157 2.09196 -0.381174
33 125.1 627.646 638.796 699.377 0.542508 1.72846
34 125.1 432.535 551.514 545.904 3.30739 0.733978
35 125.1 856.366 994.077 863.825 2.81855 -0.328219
36 125.1 344.246 372.782 429.068 0.567994 1.81041
37 125.1 738.768 832.12 827.101 0.512524 1.62691
38 125.1 531.277 601.577 534.337 0.529168 1.83211
39 125.1 578.519 681.716 715.067 0.681603 1.64328
40 125.1 779.761 842.001 837.688 0.417972 0.658742
41 125.1 9.58869 139.552 160.967 3.18972 -0.0732203
42 125.1 796.184 881.499 888.077 2.86658 0.521103
43 125.1 75.2072 472.016 477.477 1.16546 0.120963
44 125.1 489.452 514.203 509.755 2.61589 1.54523
45 125.1 462.953 494.357 490.282 2.08141 0.439216
46 125.1 414.608 462.548 516.491 0.861623 0.250682
47 125.1 150.986 154.684 196.603 1.12617 0.0852767
48 125.1 190.42 231.71 270.372 2.04349 0.704608
49 125.1 97.7581 381.274 376.036 3.77024 1.07705
50 125.1 107.339 162.458 139.292 0.347006 0.653705
51 125.1 857.042 864.813 918.528 1.41922 0.574371
52 125.1 645.63 837.71 839.406 3.89654 1.71712
53 125.1 790.605 796.3 870.773 2.52816 1.43284
54 125.1 226.057 466.449 480.522 1.91699 0.887091
55 125.1 273.29 388.129 390.704 1.1372 -0.345705
56 125.1 302.153 335.572 372.484 3.32 1.01525
57 125.1 336.647 450.135 344.541 1.44397 1.26812
58 125.1 186.618 256.717 236.847 1.89635 -0.323747
59 125.1 317.135 604.295 613.838 2.57643 0.0527394
60 125.1 467.782 582.176 574.544 1.94356 0.327309
61 125.1 539.501 735.673 543.131 2.17958 -0.349104
62 125.1 139.502 161.714 197.373 1.61701 -0.209075
63 125.1 284.986 403.35 409.086 3.36615 -0.480587
64 125.1 264.063 274.656 270.305 2.5741 0.543512
65 125.1 934.507 945.907 993.589 1.32251 0.679996
66 125.1 428.732 594.202 431.81 0.324964 1.85837
67 125.1 40.2945 121.811 116.295 1.61558 -0.531098
68 125.1 173.53 563.924 571.224 0.383069 1.02735
69 125.1 206.533 598.103 610.069 3.10231 -0.158074
70 125.1 266.926 645.339 650.923 0.24117 0.878346
71 125.1 577.561 641.639 579.47 1.36639 -0.197907
72 125.1 370.722 397.652 433.04 0.146612 0.983052
73 125.1 545.076 678.952 713.293 3.79392 0.118698
74 125.1 430.562 531.799 558.468 0.387159 0.881746
75 125.1 161.611 204.666 164.491 3.83373 1.01268
76 125.1 393.518 472.949 397.675 3.68 1.274
77 125.1 783.116 969.026 997.225 2.52071 -0.30091
78 125.1 510.412 632.942 635.705 1.10482 -0.500626
79 125.1 146.759 287.554 283.12 1.73118 0.625528
80 125.1 255.871 426.075 426.439 1.84115 0.698966
81 125.1 797.9 905.942 945.95 1.781 0.463821
82 125.1 408.132 439.415 421.841 2.15276 1.82431
83 125.1 196.5 272.24 310.711 0.183935 0.855668
84 125.1 202.236 239.909 212.381 3.15518 1.30775
85 125.1 242.169 416.457 445.344 0.227677 0.392857
86 125.1 341.039 479.87 479.829 1.48508 -0.557494
87 125.1 472.554 475.247 486.924 0.436925 1.07217
88 125.1 800.003 938.254 944.991 0.366774 0.768024
89 125.1 517.074 684.051 689.269 1.38122 -0.560428
90 125.1 793.996 816.298 834.735 3.47119 1.01362
91 125.1 134.832 232.641 252.085 0.49938 0.122582
92 125.1 335.073 510.02 530.458 1.50481 1.97681
93 125.1 395.039 679.502 689.123 1.80633 0.368322
94 125.1 530.214 696.405 701.478 3.47614 -0.805235
95 125.1 7.22663 479.714 489.225 2.49796 -0.124661
96 125.1 273.451 498.742 495.279 0.0980418 0.877445
97 125.1 413.331 451.645 487.461 4.00015 0.0952448
98 125.1 157.348 477.848 492.314 1.94708 -0.463673
99 125.1 649.897 651.376 683.299 0.792342 1.65837
100 125.1 552.924 579.175 562.961 0.78758 0.873997
101 125.1 454.543 501.625 493.527 1.31041 1.70358
102 125.1 566.106 588.265 600.051 2.28416 -0.697846
103 125.1 720.79 852.65 856.24 2.90367 0.0880522
104 125.1 451.291 701.373 695.406 3.30367 0.0600354
105 125.1 232.491 246.446 305.892 3.66774 1.65527
106 125.1 610.55 785.872 805.497 1.18223 -0.481834
107 125.1 713.895 793.071 826.987 3.28133 0.394836
108 125.1 816.088 911.577 947.302 3.56088 -0.383162
109 125.1 116.054 132.522 192.341 3.31635 0.0969194
110 125.1 70.4623 240.008 242.669 3.06483 0.656781
111 125.1 295.827 362.443 403.565 2.80859 -0.526055
112 125.1 451.009 491.91 459.143 0.687055 0.758454
113 125.1 660.518 710.694 709.571 1.3924 0.106773
114 125.1 830.027 928.929 929.25 2.56701 1.93034
115 125.1 181.448 342.707 361.405 2.91342 0.912214
116 125.1 35.6432 151.837 157.596 2.79517 -0.455652
117 125.1 114.235 419.162 432.224 4.0007 0.912163
118 125.1 139.415 146.339 146.275 3.17463 -0.664936
119 125.1 674.997 846.923 680.045 0.979715 1.96137
120 125.1 236.841 535.095 547.015 0.458716 1.12162
121 125.1 744.59 758.072 811.614 0.186376 1.97151
122 125.1 127.954 241.753 230.018 2.30163 1.25873
123 125.1 902.787 921.532 969.834 1.09371 1.57556
124 125.1 554.098 745.157 761.393 1.9535 0.77544
125 125.1 151.291 201.339 220.028 2.31373 -0.122633
126 125.1 211.822 424.81 436.978 0.229774 0.594411
127 125.1 97.7215 516.694 525.915 1.83761 0.949278
128 125.1 771.388 849.837 870.94 3.39736 1.52368
129 125.1 131.848 198.438 153.981 4.08208 0.325652
130 125.1 663.023 860.071 859.375 0.153544 1.39004
131 125.1 784.194 807.938 876.392 0.476854 1.09164
132 125.1 126.637 207.944 209.378 2.59527 0.132668
133 125.1 198.72 420.848 417.558 1.97154 1.28412
134 125.1 355.952 589.037 608.281 1.48761 -0.518615
135 125.1 395.569 568.259 399.608 3.70661 1.29117
136 125.1 244.398 620.43 621.842 0.951037 1.51043
137 125.1 492.121 580.74 616.307 2.17826 0.20898
138 125.1 880.084 949.882 902.459 0.156827 0.280695
139 125.1 314.596 322.121 389.184 2.00449 0.790668
140 125.1 766.845 771.428 845.821 0.0944292 1.57028
141 125.1 325.252 419.372 432.223 2.59881 1.22345
142 125.1 382.002 424.16 388.283 3.95236 1.14018
143 125.1 148.094 606.016 611.307 3.47457 -0.195975
144 125.1 828.263 927.319 938.907 1.8232 -0.490865
145 125.1 701.844 859.461 867.503 3.95969 0.669466
146 125.1 707.853 719.84 785.731 2.00669 0.328551
147 125.1 346.671 505.638 528.683 2.79831 0.852644
148 125.1 289.245 485.842 507.017 3.25149 0.511847
149 125.1 575.144 678.199 585.2 0.647687 0.0247252
150 125.1 848.572 909.832 909.602 4.04438 0.916532
151 125.1 321.48 356.134 381.587 2.03303 -0.335082
152 125.1 547.126 553.132 553.398 3.00013 0.238676
153 125.1 507.565 572.725 598.84 2.85214 1.59414
154 125.1 867.463 939.453 967.791 2.38321 1.96887
155 125.1 707.74 769.011 736.507 3.97935 1.11811
156 125.1 854.078 956.809 863.645 3.8363 1.94796
157 125.1 264.916 315.208 325.384 0.852279 1.7539
158 125.1 699.645 766.637 786.034 2.79879 1.41194
159 125.1 563.445 671.153 679.789 0.925025 0.357387
160 125.1 187.218 245.636 262.218 3.82953 -0.482222
161 125.1 889.761 913.351 937.47 4.01745 -0.408385
162 125.1 581.788 741.59 738.993 2.19005 1.41603
163 125.1 573.968 639.197 679.358 2.63012 0.91358
164 125.1 167.953 339.643 337.947 4.1059 -0.202725
165 125.1 324.662 547.675 557.021 2.0496 1.16456
166 125.1 262.577 281.847 264.301 3.17963 -0.660676
167 125.1 440.207 599.243 630.007 1.53679 1.57672
168 125.1 875.317 945.852 877.835 3.17498 0.970681
169 125.1 677.87 873.384 886.599 0.31309 0.431927
170 125.1 500.203 543.604 602.152 3.11379 0.490993
171 125.1 178.717 331.437 351.319 2.08909 1.76651
172 125.1 173.718 512.825 513.57 2.39461 -0.253024
173 125.1 48.5418 449.296 453.472 2.98933 0.42058
174 125.1 565.014 657.734 572.365 2.29379 0.534977
175 125.1 0.401026 118.074 103.175 2.53607 -0.648854
176 125.1 716.638 725.798 789.36 2.25469 -0.1438
177 125.1 172.559 177.392 203.411 3.16662 -0.0882228
178 125.1 55.4997 414.061 430.249 3.53176 -0.202294
179 125.1 495.036 553.758 582.346 3.93809 -0.724272
180 125.1 207.749 228.748 244.04 1.76299 1.07638
181 125.1 815.684 834.593 817.004 0.548863 -0.364623
182 125.1 447.531 570.543 608.32 2.8866 1.69774
183 125.1 445.743 463.108 471.618 4.02784 -0.612583
184 125.1 452.896 659.091 654.974 0.383874 0.580378
185 125.1 893.814 953.851 942.719 0.345926 1.21065
186 125.1 276.655 346.313 325.821 3.158 0.207835
187 125.1 780.974 873.569 874.661 0.417745 1.6519
188 125.1 312.323 528.285 547.841 0.17486 1.1337
189 125.1 356.584 378.264 358.599 0.913745 -0.157674
190 125.1 190.746 480.952 492.259 1.13315 0.487187
191 125.1 356.607 469.075 469.722 3.48202 0.557429
192 125.1 120.747 250.111 266.91 1.60293 0.637884
193 125.1 338.529 692.328 690.182 3.09935 -0.818487
194 125.1 84.6632 285.852 276.242 1.44388 0.319197
195 125.1 898.064 900.645 904.354 1.22165 1.20863
196 125.1 44.95 282.916 287.733 0.412994 -0.077885
197 125.1 666.898 714.536 681.986 0.297918 0.795095
198 125.1 129.891 225.221 225.33 2.56136 0.931743
199 125.1 139.565 334.513 347.483 3.18797 1.27543
200 125.1 487.948 669.844 686.605 2.64763 0.822412
201 125.1 683.924 832.168 838.276 2.38031 1.95756
202 125.1 209.672 238.981 225.14 0.244394 1.59355
203 125.1 943.136 960.4 955.234 1.21828 1.17301
204 125.1 148.169 188.227 157.583 2.21785 0.152732
205 125.1 303.232 320.777 309.204 3.17394 1.76748
206 125.1 637.05 640.551 705.743 2.83277 1.35701
207 125.1 458.368 710.868 730.233 2.94424 1.32543
208 125.1 367.46 410.615 455.013 1.0939 -0.297311
209 125.1 456.895 654.719 663.717 4.02757 0.908318
210 125.1 137.505 162.445 151.766 3.54987 0.376296
211 125.1 643.699 728.689 723.69 1.2195 0.571406
212 125.1 178.898 437.128 451.719 0.886154 1.1278
213 125.1 692.578 730.614 704.067 2.05876 0.915404
214 125.1 611.733 757.239 763.864 1.75284 -0.323782
215 125.1 250.038 631.376 629.328 3.11222 0.35184
216 125.1 82.5749 293.174 317.054 3.12995 0.396914
217 125.1 754.941 885.812 917.907 3.80675 1.58901
218 125.1 322.788 598.36 323.826 1.65377 0.546911
219 125.1 108.425 466.306 482.73 2.00208 0.172975
220 125.1 930.636 998.421 981.547 3.42554 1.745
221 125.1 674 680.058 720.63 3.86618 1.91991
222 125.1 467.216 623.349 469.743 2.36458 1.17214
223 125.1 543.585 612.051 598.05 2.88998 1.18322
224 125.1 221.657 273.892 222.885 0.259753 0.403943
225 125.1 662.694 691.787 717.375 1.21769 1.03258
226 125.1 380.989 466.3 381.731 0.396793 0.951731
227 125.1 294.621 347.761 303.849 1.4814 1.2346
228 125.1 364.036 432.35 477.868 2.69057 -0.237421
229 125.1 620.783 776.627 807.62 1.22397 -0.448246
230 125.1 576.308 671.87 666.044 0.244566 0.638446
231 125.1 221.243 258.272 305.6 1.65238 -0.0803519
232 125.1 548.969 616.308 663.378 4.12814 0.554651
233 125.1 299.989 480.778 499.052 2.63927 1.28176
234 125.1 462.436 696.974 718.747 0.114177 1.87213
235 125.1 50.3038 560.679 566.151 3.97619 -0.602243
236 125.1 350.268 535.491 551.418 2.27717 1.82519
237 125.1 33.8077 154.318 155.05 1.08837 0.0204388
238 125.1 146.801 218.146 200.168 0.468978 0.504739
239 125.1 379.058 524.254 547.926 4.07392 0.3759
240 125.1 255.679 339.48 346.973 3.71828 0.714686
241 125.1 208.391 326.87 348.996 3.35538 1.88333
242 125.1 632.871 704.491 734.775 2.57999 0.571373
243 125.1 561.129 697.56 732.917 3.3456 0.500811
244 125.1 393.326 445.761 494.681 2.14178 1.84588
245 125.1 248.382 387.949 395.543 1.72756 -0.180405
246 125.1 597.362 611.672 668.874 2.12389 -0.704976
247 125.1 200.297 541.911 552.494 3.47579 1.76278
248 125.1 136.54 392.378 410.69 2.27931 0.8876
249 125.1 731.153 769.738 790.783 0.611219 0.829615
250 125.1 695.293 829.425 859.352 2.24055 0.459893
251 125.1 334.22 371.155 371.884 0.638097 1.50646
252 125.1 367.714 412.565 425.256 2.73949 0.823889
253 125.1 220.744 243.098 274.106 2.88047 1.71821
254 125.1 558.072 639.733 630.207 3.59581 -0.139931
255 125.1 877.659 943.675 968.361 2.06049 -0.322208
256 125.1 432.002 605.551 606.235 3.89547 1.55105
257 125.1 473.278 539.904 538.081 2.84037 0.750012
258 125.1 317.918 360.669 330.296 0.00825603 1.4215
259 125.1 691.876 780.839 817.286 2.76633 1.54993
260 125.1 634.824 690.495 729.155 1.59457 1.83243
261 125.1 309.448 442.032 444.704 4.16518 1.9085
262 125.1 906.379 918.038 962.797 1.67678 1.77741
263 125.1 283.947 460.234 286.592 2.75499 1.85556
264 125.1 704.347 742.129 795.971 3.50258 0.533951
265 125.1 192.314 564.986 576.821 3.78865 -0.200999
266 125.1 307.853 485.133 505.93 2.40229 1.68875
267 125.1 287.352 468.144 463.334 3.10501 -0.641335
268 125.1 564.994 609.228 613.549 3.75279 0.722433
269 125.1 301.908 339.674 384.816 1.93372 1.95721
270 125.1 417.058 574.498 605.495 4.14232 1.67212
271 125.1 152.75 203.28 223.736 1.27557 0.478701
272 125.1 258.882 614.57 623.149 0.793945 0.682165
273 125.1 99.6538 222.082 233.298 1.75969 -0.638846
274 125.1 618.787 668.151 667.485 2.49865 1.5723
275 125.1 676.201 862.286 873.005 3.61821 -0.963912
276 125.1 216.186 316.243 327.475 0.686412 0.980865
277 125.1 525.176 591.201 581.8 0.952237 -0.124099
278 125.1 487.791 634.481 653.044 1.6154 0.967818
279 125.1 422.605 711.662 711.234 2.01583 -0.448741
280 125.1 689.53 730.454 740.519 0.493217 0.889056
281 125.1 102.513 163.22 112.677 3.19755 0.362244
282 125.1 220.434 395.569 222.132 3.25259 -0.580946
283 125.1 85.1943 605.55 608.481 3.13132 -0.745345
284 125.1 656.85 819.763 844.205 0.93549 1.60948
285 125.1 850.363 899.492 885.267 3.88637 -0.725719
286 125.1 775.372 817.824 833.345 0.834692 1.29097
287 125.1 658.643 792.572 660.028 3.66116 1.38608
288 125.1 172.103 238.771 176.787 1.91433 -0.391758
289 125.1 556.608 595.539 628.889 0.413938 -0.276827
290 125.1 183.986 350.483 341.734 2.83665 1.6757
291 125.1 750.625 754.871 752.508 0.42539 0.544392
292 125.1 405.843 659.529 408.01 2.08249 1.0478
293 125.1 326.68 407.281 436.482 0.639268 1.43467
294 125.1 534.887 540.537 544.448 3.83355 0.45213
295 125.1 827.81 914.329 935.891 3.3265 -0.607779
296 125.1 848.978 858.886 888.075 2.26209 -0.284612
297 125.1 156.957 497.483 502.999 0.0607078 0.0563286
298 125.1 317.37 424.112 458.492 2.96119 0.389451
299 125.1 328.261 580.466 584.69 1.67462 0.171003
300 125.1 705.213 863 887.322 2.46216 0.0997655
301 125.1 389.469 520.674 545.914 1.54021 0.192639
302 125.1 408.07 694.157 711.018 2.11707 0.585105
303 125.1 733.901 803.612 788.302 3.91214 1.61553
304 125.1 103.813 360.911 377.815 2.88298 1.12955
305 125.1 782.303 875.619 894.384 2.48933 0.740967
306 125.1 650.923 788.484 807.027 2.2076 0.269253
307 125.1 200.822 304.779 318.293 1.71716 1.68491
308 125.1 530.474 678.892 686.774 2.71593 -0.283939
309 125.1 497.489 681.058 689.74 2.62571 1.60619
310 125.1 166.334 279.571 273.083 3.64721 1.42317
311 125.1 590.338 649.186 693.391 1.64463 -0.456003
312 125.1 143.575 223.583 263.152 3.59104 -0.390135
313 125.1 114.012 217.225 116.548 2.89587 -0.480943
314 125.1 797.843 845.284 893.643 4.07582 1.77351
315 125.1 142.642 514.897 522.684 2.60853 0.0759499
316 125.1 928.345 958.67 992.517 2.11517 0.840641
317 125.1 513.522 639.535 661.098 1.18322 1.77633
318 125.1 771.468 788.096 786.079 0.978744 0.0886788
319 125.1 655.257 887.329 887.607 1.27472 0.496288
320 125.1 33.3218 428.672 428.17 3.81389 0.897299
321 125.1 203.006 572.507 576.46 3.588 1.17895
322 125.1 64.4327 201.16 204.733 2.05478 0.542331
323 125.1 202.385 305.389 304.639 1.90178 1.63952
324 125.1 166.657 319.539 324.592 1.01677 1.00858
325 125.1 260.421 290.486 314.596 3.46057 -0.0291936
326 125.1 84.8418 195.819 181.851 3.02326 -0.30378
327 125.1 559.136 653.948 653.592 2.74595 0.0610772
328 125.1 211.865 555.494 558.36 0.442465 0.542268
329 125.1 327.322 371.807 387.755 3.64935 0.637331
330 125.1 855.556 911.591 902.659 2.00968 0.684517
331 125.1 501.631 602.477 639.899 1.17602 0.0317782
332 125.1 505.698 548.411 583.517 0.364118 0.777881
333 125.1 506.775 561.553 532.082 2.54012 -0.267442
334 125.1 222.051 409.015 432.311 0.130488 1.01261
335 125.1 395.938 550.353 564.583 0.731171 -0.0504672
336 125.1 273.207 393.229 280.115 3.95231 -0.839532
337 125.1 448.901 512.437 471.28 0.402338 -0.104457
338 125.1 591.898 754.519 755.531 3.41002 -0.39001
339 125.1 219.554 430.519 452.077 2.87768 0.61386
340 125.1 239.684 491.302 486.369 2.61491 0.670713
341 125.1 733.731 765.411 767.019 1.57945 -0.0826095
342 125.1 250.329 438.047 445.187 4.0156 1.89015
343 125.1 280.188 346.068 386.224 2.57081 0.765991
344 125.1 18.3026 496.265 498.194 2.16169 -0.395997
345 125.1 457.511 510.783 516.182 1.85261 1.9233
346 125.1 702.34 772.76 802.937 0.419325 0.812134
347 125.1 286.199 457.768 482.091 1.58869 1.83304
348 125.1 295.703 342.21 330.004 2.35872 0.353644
349 125.1 427.131 524.735 536.325 1.0214 0.204495
350 125.1 129.44 277.235 274.253 3.86157 1.29186
351 125.1 716.901 723.222 764.117 1.58829 1.1337
352 125.1 335.588 392.203 439.913 1.34034 1.04445
353 125.1 391.004 449.179 395.451 2.93723 0.957814
354 125.1 854.777 901.364 905.096 2.26949 -0.0613881
355 125.1 618.099 668.513 724.565 2.4619 0.239736
356 125.1 526.458 575.724 618.037 2.22399 -0.00453323
357 125.1 491.184 570.417 503.254 0.134544 1.58839
358 125.1 467.486 635.019 628.138 0.509586 1.34508
359 125.1 360.833 547.418 541.454 1.74933 0.411019
360 125.1 64.789 497.922 504.628 2.39562 0.520769
361 125.1 414.194 642.2 656.891 1.27273 1.65476
362 125.1 879.196 967.605 988.129 3.11116 -0.674141
363 125.1 426.355 446.14 493.683 0.654095 0.869097
364 125.1 788.014 797.561 788.666 4.18195 -0.3194
365 125.1 464.539 560.296 594.574 0.0960326 0.320246
366 125.1 104.384 384.115 393.398 2.07925 0.559444
367 125.1 56.1332 74.113 72.4252 2.52462 0.843058
368 125.1 304.744 378.114 411.948 2.9615 1.71798
369 125.1 55.3848 409.529 419.033 1.29227 0.474862
370 125.1 676.052 752.73 741.877 0.0685213 1.28946
371 125.1 17.0571 336.813 348.79 3.76555 -0.58683
372 125.1 61.2513 78.1253 91.5367 3.96623 1.04866
373 125.1 885.125 929.799 885.482 2.22509 -0.568081
374 125.1 310.586 355.528 401.08 2.88354 1.45519
375 125.1 844.242 941.033 963.127 1.20985 1.5036
376 125.1 765.352 867.026 898.425 0.05289 0.437278
377 125.1 25.7665 112.977 93.6118 4.02219 0.624304
378 125.1 342.509 406.951 395.086 3.6044 -0.569193
379 125.1 626.585 690.992 653.034 3.16709 -0.861151
380 125.1 904.103 915.731 960.349 0.978455 -0.122579
381 125.1 371.164 412.203 447.718 0.95909 0.256093
382 125.1 507.433 639.729 675.302 0.809076 1.67196
383 125.1 732.994 800.783 755.847 3.13707 1.60343
384 125.1 675.374 823.879 857.159 2.66442 0.81457
385 125.1 258.003 304.938 355.939 4.00452 1.09951
386 125.1 850.709 852.4 880.685 4.02138 1.86297
387 125.1 100.864 240.565 238.986 3.16027 -0.758787
388 125.1 259.551 447.496 475.53 1.31465 0.796377
389 125.1 667.112 731.587 672.383 1.52728 0.773215
390 125.1 454.501 493.889 490.366 1.60975 0.675832
391 125.1 45.1646 83.968 87.4101 0.847026 -0.159595
392 125.1 55.4847 260.407 280.922 4.06902 0.912731
393 125.1 476.957 518.018 552.428 0.447242 0.447031
394 125.1 493.821 561.338 605.419 2.14988 1.24973
395 125.1 188.633 311.056 337.143 3.9111 1.09394
396 125.1 845.971 895.386 868.705 0.47303 0.316126
397 125.1 605.906 628.524 640.467 2.16103 1.41177
398 125.1 614.317 753.581 762.215 3.79443 -0.706703
399 125.1 154.911 186.744 232.638 2.97537 1.09045
400 125.1 731.663 787.278 800.781 3.70302 0.831119
401 125.1 512.715 543.555 516.243 3.42156 1.22083
402 125.1 819.324 927.049 949.914 2.61932 -0.102183
403 125.1 400.247 460.468 478.988 0.705788 1.46202
404 125.1 18.7033 196.413 194.311 2.38092 0.236935
405 125.1 24.1517 219.097 245.611 3.70989 -0.566446
406 125.1 554.658 696.302 708.885 1.56829 1.78263
407 125.1 357.01 505.384 359.911 3.9509 0.47948
408 125.1 765.466 784.883 783.098 0.312223 1.86489
409 125.1 258.743 324.973 269.375 0.0175457 0.588167
410 125.1 108.626 535.378 532.024 0.24286 0.626461
411 125.1 558.391 596.899 626.046 2.11912 0.629021
412 125.1 47.6465 313.608 321.287 2.89668 0.560793
413 125.1 38.2953 236.427 232.021 1.77299 0.336739
414 125.1 905.907 944.986 963.789 0.736817 1.69344
415 125.1 588.521 625.574 656.116 3.99275 -0.896394
416 125.1 12.4367 455.533 465.776 0.474282 0.20774
417 125.1 141.196 241.422 276.835 2.65734 1.33176
418 125.1 597.114 821.985 825.205 1.0508 0.353496
419 125.1 257.909 299.749 287.991 1.20543 1.66049
420 125.1 113.546 464.301 476.914 1.57383 0.293674
421 125.1 588.573 665.707 662.556 0.605791 0.770373
422 125.1 809.3 875.679 886.14 1.01692 0.414412
423 125.1 234.144 312.99 360.172 1.4943 1.59028
424 125.1 67.7219 390.638 392.249 1.54218 0.304886
425 125.1 107.728 461.563 462.307 2.2609 -0.20093
426 125.1 164.661 241.621 269.392 2.68207 1.04176
427 125.1 234.251 343.877 358.355 2.05759 0.52827
428 125.1 344.664 410.066 371.642 2.60412 0.917399
429 125.1 754.251 952.141 953.187 3.46285 -0.704503
430 125.1 308.24 401.973 310.767 3.26382 1.24073
431 125.1 482.035 744.059 753.159 1.85907 -0.038084
432 125.1 178.037 505.639 505.627 1.8122 0.297856
433 125.1 509.183 619.72 623.699 2.18308 1.40495
434 125.1 246.184 309.16 361.178 2.56036 -0.0470746
435 125.1 885.209 904.862 964.835 0.0943252 0.816205
436 125.1 168.355 294.316 289.161 3.8295 -0.744441
437 125.1 111.653 284.307 307.496 0.639537 0.709683
438 125.1 400.076 419.315 428.839 2.27416 1.23304
439 125.1 547.988 679.644 710.225 1.34881 0.14856
440 125.1 677.013 682.191 743.76 2.75266 1.51685
441 125.1 869.18 977.433 987.819 2.21668 0.702769
442 125.1 216.383 408.14 405.923 0.0959298 0.330659
443 125.1 798.906 815.976 813.158 3.37034 1.44779
444 125.1 870.421 915.748 972.627 4.00893 0.715296
445 125.1 816.953 861.926 874.33 1.69477 1.05829
446 125.1 21.958 542.477 554.567 1.99785 -0.056944
447 125.1 777.317 871.519 871.961 4.0698 -0.781084
448 125.1 850.945 895.153 942.931 3.53084 -0.0425418
449 125.1 282.85 385.004 416.615 3.62415 0.514849
450 125.1 709.291 818.632 827 3.88026 1.37036
451 125.1 74.8983 151.187 143.352 1.06508 -0.250233
452 125.1 396.492 579.578 592.025 1.39909 0.101651
453 125.1 253.246 408.678 415.104 0.261822 1.70524
454 125.1 510.229 555.781 583.25 1.61053 -0.299443
455 125.1 30.0941 479.116 483.531 2.75214 -0.442223
456 125.1 399.327 436.721 424.301 3.95557 -0.723397
457 125.1 222.494 390.4 388.473 2.297 -0.430724
458 125.1 406.068 462.922 407.155 3.8239 1.1958
459 125.1 340.89 463.051 493.544 0.68939 0.0493598
460 125.1 42.8793 587.753 598.072 1.54923 0.0950401
461 125.1 251.963 376.125 365.98 3.65618 -0.0716337
462 125.1 765.255 815.137 835.497 1.1634 0.267272
463 125.1 133.958 375.659 386.118 3.05717 1.38697
464 125.1 516.135 574.3 532.281 3.78632 0.950301
465 125.1 734.342 798.968 824.889 0.133805 -0.00216818
466 125.1 31.0173 161.693 193.62 1.6675 0.446477
467 125.1 438.947 579.215 579.84 3.18629 1.63826
468 125.1 655.652 795.333 660.26 1.67556 0.234756
469 125.1 241.745 287.263 328.308 4.1368 -0.698617
470 125.1 620.391 677.146 672.781 0.639549 1.37921
471 125.1 783.329 795.275 801.379 2.66624 1.30512
472 125.1 436.654 560.991 560.4 3.62069 -0.725864
473 125.1 403.542 466.962 506.728 0.104128 1.68674
474 125.1 218.585 290.6 223.711 3.28837 0.359731
475 125.1 673.651 776.742 777.526 1.04514 -0.450073
476 125.1 271.061 377.742 396.144 1.05279 1.53194
477 125.1 899.369 899.387 949.031 0.336333 0.610225
478 125.1 722.896 845.227 863.587 3.31528 0.363353
479 125.1 949.521 999.606 959.627 0.36059 0.293867
480 125.1 900.379 985.65 909.075 1.98262 0.707037
481 125.1 581.279 640.322 668.057 3.31578 1.71437
482 125.1 384.146 503.232 522.613 0.545731 0.570753
483 125.1 854.239 991.803 988.98 0.781649 -0.37387
484 125.1 799.772 909.911 920.311 4.08955 1.98916
485 125.1 415.026 561.021 595.091 1.48579 0.837082
486 125.1 78.8502 309.567 309.338 1.35502 -0.248115
487 125.1 155.478 233.312 224.976 3.16389 1.26654
488 125.1 283.397 323.525 328.759 3.63787 0.0277314
489 125.1 391.519 411.89 465.101 1.1862 0.503744
490 125.1 286.333 338.646 289.017 0.126885 0.406774
491 125.1 149.987 342.65 342.461 3.31124 1.15214
492 125.1 228.687 237.007 264.051 2.49902 1.63981
493 125.1 364.344 525.983 554.154 1.2223 0.403052
494 125.1 121.135 394.919 413.254 1.84338 0.335927
495 125.1 584.395 727.207 759.811 1.4706 1.91984
496 125.1 424.368 450.17 430.964 0.636803 0.423675
497 125.1 88.6437 250.448 275.08 3.74818 -0.294762
498 125.1 413.594 491.363 508.811 0.548359 1.90319
499 125.1 281.749 403.994 402.884 2.06638 1.92524
500 125.1 113.951 123.738 162.802 1.45356 0.472337
501 125.1 349.598 402.857 392.887 3.93691 1.86408
502 125.1 414.945 515.637 524.199 3.29412 -0.358422
503 125.1 280.88 379.565 364.743 2.83868 -0.0092397
504 125.1 266.045 527.283 526.616 1.14554 1.63931
505 125.1 540.608 598.325 613.226 1.78939 0.282676
506 125.1 698.331 865.155 702.539 2.97125 1.06085
507 125.1 208.702 242.258 271.676 2.60773 1.91829
508 125.1 282.407 341.823 345.283 2.6484 0.00558918
509 125.1 658.834 779.538 773.47 3.50971 1.02635
510 125.1 478.421 552.919 568.374 0.103155 0.931638
511 125.1 952.939 998.346 998.52 1.91275 0.0673915
512 125.1 385.01 469.228 505.141 1.1987 -0.435297
513 125.1 369.058 419.333 463.623 0.181012 -0.0316287
514 125.1 717.496 858.476 849.069 3.05262 1.65446
515 125.1 80.6183 521.11 531.6 0.394327 0.494115
516 125.1 352.949 399.347 425.265 3.92922 1.88639
517 125.1 226.803 361.707 385.681 0.240254 0.199776
518 125.1 70.445 77.7722 84.4709 3.26659 0.489023
519 125.1 281.446 510.288 510.981 1.14256 -0.444139
520 125.1 668.261 801.049 807.147 1.18813 -0.334632
521 125.1 269.939 334.019 315.368 3.04113 0.820171
522 125.1 300.792 659.927 664.912 3.16263 -0.54493
523 125.1 695.401 778.982 770.007 0.587512 1.39529
524 125.1 219.142 349.525 375.77 3.71607 0.978436
525 125.1 338.011 381.975 417.705 2.32461 -0.530267
526 125.1 917.889 953.521 965.948 1.71548 -0.0232778
527 125.1 707.066 762.358 757.776 3.347 0.91634
528 125.1 614.694 678.593 681.214 3.90898 0.602282
529 125.1 833.982 973.792 976.086 3.9643 -0.117967
530 125.1 130.769 152.504 139.807 2.16058 0.60594
531 125.1 539.516 617.657 607.537 2.64451 1.27587
532 125.1 586.121 609.52 591.363 2.66411 -0.455304
533 125.1 152.164 339.348 330.081 3.71908 0.962577
534 125.1 265.59 536.96 554.414 0.334402 -0.248665
535 125.1 93.4519 171.705 151.074 0.815451 0.0542982
536 125.1 383.273 472.194 391.154 1.40709 0.648211
537 125.1 159.574 497.141 502.804 2.26967 1.30129
538 125.1 353.744 659.027 663.188 4.18505 0.983445
539 125.1 798.745 892.678 882.218 0.81802 -0.144609
540 125.1 647.514 710.957 750.247 2.0919 0.366457
541 125.1 550.156 638.942 653.674 0.184961 -0.0678042
542 125.1 778.634 847.662 786.712 1.14116 1.52511
543 125.1 424.66 443.537 460.379 3.59252 1.26968
544 125.1 959.57 995.789 972.984 1.45851 1.83475
545 125.1 495.496 551.354 551.825 1.62157 0.632732
546 125.1 844.86 926.166 961.934 2.9405 0.983172
547 125.1 96.6363 191.747 207.458 0.266025 0.0520989
548 125.1 122.377 156.783 150.017 3.45233 -0.275357
549 125.1 174.228 390.586 395.651 1.93149 0.467566
550 125.1 76.2931 122.262 125.382 3.61519 0.307815
551 125.1 391.882 489.015 527.832 0.783846 1.32165
552 125.1 113.176 163.733 156.841 3.67855 -0.421869
553 125.1 178.14 213.541 229.278 2.10268 -0.695294
554 125.1 862.248 887.219 921.99 2.26543 0.989062
555 125.1 185.227 272.871 306.941 2.72327 1.05951
556 125.1 158.882 171.466 201.811 3.49999 0.973279
557 125.1 557.902 659.235 687.81 3.59356 0.798196
558 125.1 568.453 821.139 826.035 2.89348 -0.226375
559 125.1 427.814 592.107 596.667 0.582167 1.17741
560 125.1 401.277 478.095 504.851 2.62751 0.915954
561 125.1 233.568 525.065 543.535 3.7114 0.922923
562 125.1 715.501 816.569 832.576 3.12284 1.73815
563 125.1 480.941 513.235 485.083 0.553399 1.19137
564 125.1 149.703 531.395 540.778 3.35011 1.53714
565 125.1 447.649 619.169 618.709 2.70238 -0.0950803
566 125.1 185.93 559.863 556.178 3.49828 0.543112
567 125.1 618.313 686.511 635.898 3.58723 0.00575832
568 125.1 47.2175 416.035 412.247 2.54987 -0.17193
569 125.1 90.6004 117.287 174.88 3.71663 1.07194
570 125.1 732.459 885.55 881.702 4.07866 1.08627
571 125.1 694.716 882.387 699.728 1.89672 0.692804
572 125.1 344.903 387.612 369.297 2.70483 1.17285
573 125.1 615.338 666.275 693.753 0.885077 0.101382
574 125.1 500.809 638.086 648.077 4.07721 1.18055
575 125.1 885.301 929.858 921.219 2.9424 1.84998
576 125.1 775.155 902.967 935.887 1.27102 0.983923
577 125.1 186.607 318.61 349.498 1.3354 1.73017
578 125.1 92.4793 146.538 155.208 3.3847 0.184857
579 125.1 165.622 204.935 224.233 3.9322 0.534912
580 125.1 563.21 673.665 705.321 3.58648 -0.346584
581 125.1 444.701 618.5 613.751 1.29916 1.10787
582 125.1 437.223 453.41 519.841 1.7025 1.7139
583 125.1 321.602 344.541 332.474 0.354902 1.66113
584 125.1 197.92 306.868 204.541 2.50305 1.5058
585 125.1 108.954 167.377 197.875 2.39362 0.597256
586 125.1 111.396 230.05 221.174 3.33438 -0.782547
587 125.1 556.767 784.249 559.865 3.04873 -0.109958
588 125.1 340.415 376.265 373.904 2.59946 -0.57344
589 125.1 307.497 314.648 319.793 4.12985 0.532571
590 125.1 278.127 371.86 384.559 1.16365 1.69547
591 125.1 214.207 329.629 322.029 0.0539588 1.46966
592 125.1 374.432 390.928 395.67 2.88915 1.34378
593 125.1 377.902 381.232 381.517 2.43743 -0.190893
594 125.1 607.653 613.348 613.717 1.33142 -0.320303
595 125.1 455.366 490.5 508.526 1.36753 1.16586
596 125.1 722.849 821.297 864.353 3.8189 -0.0338732
597 125.1 608.608 698.735 693.056 0.618472 1.79691
598 125.1 206.249 303.594 307.232 2.75659 -0.0335417
599 125.1 299.451 345.234 331.362 0.65379 1.8463
600 125.1 136.41 234.357 137.601 3.58325 -0.294712
601 125.1 224.241 409.779 402.282 3.55211 0.508055
602 125.1 698.348 827.386 851.408 1.76068 1.69866
603 125.1 79.0353 385.523 390.224 3.1825 0.932991
604 125.1 805.98 886.75 934.845 0.200717 0.534175
605 125.1 632.482 634.775 668.96 0.551099 0.125565
606 125.1 842.755 929.044 962.277 0.678512 -0.22217
607 125.1 770.786 782.544 820.269 0.977669 0.157519
608 125.1 804.258 912.762 913.785 1.81337 1.64708
609 125.1 899.623 940.592 956.911 0.765145 -0.256388
610 125.1 315.122 406.629 407.746 2.05484 0.875523
611 125.1 797.601 823.418 827.606 4.03115 1.29432
612 125.1 210.439 225.207 241.726 3.43435 0.95394
613 125.1 843.008 872.435 862.103 3.017 1.29214
614 125.1 156.622 498.831 499.871 2.93252 0.477722
615 125.1 147.055 185.436 189.479 2.34557 1.12244
616 125.1 196.81 229.734 275.744 4.11663 0.450887
617 125.1 768.88 790.706 780.27 0.905986 1.13484
618 125.1 260.784 473.707 476.832 3.21773 -0.172727
619 125.1 451.793 502.504 495.71 2.81529 1.71267
620 125.1 565.413 718.574 736.193 2.44513 0.524253
621 125.1 414.269 525.132 545.852 2.97511 1.12223
622 125.1 916.797 969.875 981.882 2.60913 1.79588
623 125.1 808.941 884.52 910.283 3.04317 0.848445
624 125.1 356.156 481.946 492.687 3.13449 -0.443019
625 125.1 550.887 759.163 776.003 0.66565 0.445496
626 125.1 719.663 903.337 897.99 1.12171 0.324498
627 125.1 227.201 635.696 639.61 0.162865 0.490865
628 125.1 149.157 217.231 218.082 1.89985 0.055348
629 125.1 679.413 697.271 742.754 2.12349 0.48143
630 125.1 62.0416 159.048 187.421 3.88624 -0.243697
631 125.1 183.425 289.743 289.914 1.529 1.27418
632 125.1 315.66 373.421 421.212 3.46291 1.2366
633 125.1 455.628 467.211 466.616 2.62747 -0.766176
634 125.1 544.947 550.172 622.732 1.45412 1.72763
635 125.1 591.279 784.227 780.576 4.0451 0.456748
636 125.1 216.841 344.567 368.052 1.89014 1.08886
637 125.1 407.098 456.561 479.756 2.71177 0.560356
638 125.1 122.675 141.79 145.807 3.32514 -0.863452
639 125.1 545.102 787.893 792.925 2.43148 -0.504419
640 125.1 700.088 780.615 768.789 0.745104 1.73309
641 125.1 283.387 419.891 284.325 0.924459 -0.22565
642 125.1 690.889 749.471 756.853 3.70925 0.634044
643 125.1 437.81 444.442 473.843 3.2606 0.295132
644 125.1 349.611 492.046 507.646 2.25621 -0.265234
645 125.1 506.3 581.601 597.23 0.848891 0.537754
646 125.1 377.139 595.328 612.169 3.1659 1.82232
647 125.1 296.953 375.987 390.25 4.01339 1.36783
648 125.1 149.655 183.946 183.137 1.80512 -0.049081
649 125.1 156.976 182.198 174.748 3.38113 1.23778
650 125.1 911.999 939.116 971.809 2.86396 1.49977
651 125.1 867.427 952.992 953.768 2.75326 1.45257
652 125.1 697.834 714.16 715.003 2.95773 -0.717649
653 125.1 616.701 692.536 730.298 3.80135 1.95835
654 125.1 133.607 268.082 134.937 3.78967 1.50285
655 125.1 819.576 940.246 951.747 3.55909 1.37828
656 125.1 244.048 463.472 458.882 3.77184 0.529411
657 125.1 387.545 547.853 543.543 1.60389 1.4214
658 125.1 496.784 547.788 567.352 3.93016 -0.593575
659 125.1 432.268 477.779 491.239 0.0138578 0.454395
660 125.1 336.265 550.78 565.559 1.78563 0.284108
661 125.1 142.756 381.397 378.67 3.30406 0.962343
662 125.1 178.663 285.821 296.516 3.5615 0.147658
663 125.1 134.151 171.887 166.31 0.121416 0.592327
664 125.1 362.323 578.615 578.606 3.73693 -0.548804
665 125.1 787.891 859.955 897.5 0.0745624 1.89681
666 125.1 808.336 856.744 826.709 0.120354 0.976014
667 125.1 255.987 268.827 327.88 3.40132 1.54526
668 125.1 916.356 958.456 926.836 0.541797 1.53493
669 125.1 269.295 288.764 302.921 0.333465 0.177281
670 125.1 757.6 771.203 814.551 3.57754 -0.947014
671 125.1 292.476 405.38 438.081 3.80232 0.972747
672 125.1 667.69 720.219 776.584 3.83848 -0.29595
673 125.1 503.662 520.119 570.872 1.2553 0.399902
674 125.1 839.929 918.559 964.881 3.95983 0.823879
675 125.1 354.809 625.024 643.388 1.34919 1.89735
676 125.1 242.195 537.29 545.26 3.85261 -0.0813412
677 125.1 745.305 808.642 766.324 3.94016 0.183306
678 125.1 239.453 403.326 405.349 0.259521 0.38233
679 125.1 306.39 477.37 480.002 1.96976 -0.236759
680 125.1 777.983 827.256 848.366 1.72195 -0.153992
681 125.1 566.834 643.144 658.458 4.04885 1.40628
682 125.1 4.65435 606.403 611.144 3.52113 -0.457328
683 125.1 403.927 554.828 558.136 2.41937 0.99623
684 125.1 554.13 669.471 669.799 3.02237 -0.103654
685 125.1 165.595 272.138 256.158 2.13436 0.281204
686 125.1 485.238 511.131 487.114 3.91516 -0.46035
687 125.1 584.883 609.084 656.101 0.789815 1.58516
688 125.1 625.142 773.563 771.184 1.86544 -0.439487
689 125.1 583.979 716.753 727.857 0.975386 -0.360079
690 125.1 276.484 458.627 484.207 1.1805 -0.323557
691 125.1 556.483 607.625 615.807 4.18071 0.71237
692 125.1 291.219 327.308 303.834 3.16731 -0.498107
693 125.1 448.272 680.596 678.395 3.14519 0.485566
694 125.1 462.645 577.436 576.844 1.21923 0.805109
695 125.1 349.42 650.699 648.982 1.82533 0.541551
696 125.1 588.167 714.405 717.409 3.44075 1.9495
697 125.1 664.187 701.96 716.311 0.79942 0.246336
698 125.1 376.733 395.82 396.5 0.774139 1.63402
699 125.1 610.454 688.954 627.707 2.14896 -0.0577658
700 125.1 586.519 681.129 672.027 1.35828 0.715897
701 125.1 282.093 310.3 323.79 0.926068 1.26639
702 125.1 711.195 732.759 770.069 3.75225 0.274158
703 125.1 215.038 318.517 340.24 0.242087 1.06709
704 125.1 319.972 495.085 492.178 3.54176 0.31198
705 125.1 566.229 756.571 781.168 1.68206 1.13354
706 125.1 190.23 242.226 224.9 2.67471 0.304204
707 125.1 320.151 463.568 492.076 1.57936 -0.275703
708 125.1 154.1 240.875 230.759 3.62244 0.200574
709 125.1 648.37 683.817 722.178 0.0862688 1.44143
710 125.1 185.374 236.521 263.365 2.42379 -0.379756
711 125.1 232.597 311.989 343.464 3.05811 1.96214
712 125.1 720.336 758.409 761.061 1.8251 0.00369137
713 125.1 659.442 686.107 750.96 0.651061 1.98141
714 125.1 720.603 721.711 775.249 0.808358 1.64252
715 125.1 563.778 626.117 583.818 2.34168 1.65378
716 125.1 136.773 442.266 442.947 1.64615 0.0204288
717 125.1 403.42 537.072 535.993 1.68024 0.807481
718 125.1 44.3155 229.156 256.351 2.15296 0.448558
719 125.1 424.92 568.863 590.832 3.86539 -0.455161
720 125.1 101.947 417.959 434.804 0.976951 0.110253
721 125.1 823.408 867.192 850.648 3.03628 0.491936
722 125.1 124.739 487.85 482.939 1.29853 0.304371
723 125.1 527.477 608.015 594.225 2.7578 1.21498
724 125.1 290.21 485.429 500.751 3.34902 1.77538
725 125.1 161.677 240.937 241.836 2.6109 1.29588
726 125.1 542.951 746.511 773.422 1.17731 -0.425358
727 125.1 677.724 741.594 749.571 1.66146 -0.43718
728 125.1 196.786 600.962 597.932 1.13232 -0.281746
729 125.1 674.941 840.219 835.601 3.50417 0.409447
730 125.1 537.039 545.599 569.201 2.97179 -0.628614
731 125.1 334.483 360.073 396.721 1.08158 1.98918
732 125.1 204.065 252.242 281.627 2.12647 1.24485
733 125.1 194.041 209.234 197.785 0.725227 1.14456
734 125.1 694.142 736.051 714.321 3.95366 1.95329
735 125.1 217.26 270.727 246.589 2.98661 0.902947
736 125.1 727.265 739.345 729.791 0.913475 0.356648
737 125.1 635.979 788.022 785.261 2.97407 0.121672
738 125.1 760.497 857.305 847.367 0.399478 0.338849
739 125.1 785.727 916.575 911.682 0.193924 0.207918
740 125.1 895.388 954.127 965.635 2.56623 1.54994
741 125.1 580.901 661.784 591.583 1.00373 1.63554
742 125.1 584.114 645.762 645.405 4.16553 -0.413977
743 125.1 588.621 591.654 651.62 1.4002 1.5279
744 125.1 201.402 269.479 219.158 1.47718 -0.346088
745 125.1 259.742 594.528 594.426 2.87984 0.395
746 125.1 901.837 914.763 918.492 4.03234 1.2706
747 125.1 123.983 513.955 522.066 0.214403 0.0570226
748 125.1 473.709 740.151 750.169 2.50367 -0.325679
749 125.1 836.118 948.388 958.095 2.10376 0.606246
750 125.1 226.028 543.584 541.179 1.44082 1.28333
751 125.1 341 655.097 672.433 2.33909 0.401464
752 125.1 69.1788 146.236 138.974 3.88858 -0.850881
753 125.1 388.699 489.302 501.703 3.812 -0.243201
754 125.1 35.7697 68.2035 108.12 2.57779 -0.604571
755 125.1 544.359 798.161 814.717 3.09201 0.396272
756 125.1 158.946 264.408 250.349 0.585616 0.150035
757 125.1 947.045 998.675 975.516 1.21924 0.411942
758 125.1 133.041 258.567 259.943 2.93435 -0.22189
759 125.1 146.029 385.556 379.034 0.986878 -0.313009
760 125.1 52.2289 143.894 148.916 4.0891 -0.712252
761 125.1 368.331 422.318 475.424 1.14899 0.881399
762 125.1 274.359 393.246 410.473 1.51778 -0.392871
763 125.1 501.831 710.95 710.88 3.31625 1.82113
764 125.1 432.03 705.033 712.937 0.779138 1.26366
765 125.1 804.5 918.037 956.34 1.21579 0.189458
766 125.1 554.296 652.272 693.196 2.45251 -0.599643
767 125.1 20.9079 93.2629 110.166 2.41317 -0.751903
768 125.1 107.72 338.936 344.343 2.13007 0.420135
769 125.1 508.658 714.79 740.376 3.17965 -0.126633
770 125.1 830.755 923.758 908.028 2.38998 0.854026
771 125.1 193.459 215.972 216.458 3.42314 0.686608
772 125.1 929.116 953.613 963.064 2.71089 0.762638
773 125.1 612.115 721.7 617.794 1.58516 -0.480729
774 125.1 743.81 758.351 798.778 2.22714 0.410618
775 125.1 785.855 976.438 978.191 2.1309 -0.195523
776 125.1 930.322 948.158 971.41 2.69827 0.0420977
777 125.1 741.96 813.518 827.837 1.22519 1.89693
778 125.1 756.273 766.798 836.005 3.20971 -0.772156
779 125.1 273.802 343.01 327.178 0.505654 0.0621852
780 125.1 594.518 650.911 700.95 2.24444 -0.479842
781 125.1 703.584 800.579 844.309 0.778193 0.267811
782 125.1 257.22 296.631 301.242 4.05993 1.57084
783 125.1 185.496 474.336 473.116 3.78372 0.939203
784 125.1 808.653 903.602 914.417 4.14382 1.05734
785 125.1 525.342 576.892 551.131 1.95324 0.817422
786 125.1 217.54 234.866 292.553 2.57242 0.83805
787 125.1 866.038 900.096 879.779 3.30392 1.32374
788 125.1 350.521 392.716 435.87 1.93174 0.0711283
789 125.1 784.22 833.942 792.757 3.76667 1.64366
790 125.1 789.697 879.721 923.321 3.14401 -0.570464
791 125.1 382.833 447.495 450.363 2.20184 1.59877
792 125.1 127.761 192.211 135.738 4.06263 -0.044755
793 125.1 280.083 621.743 617.143 3.0745 1.22561
794 125.1 524.643 760.504 767.915 2.38496 1.05292
795 125.1 56.7117 71.2214 108.004 3.53479 -0.145525
796 125.1 121.965 165.422 211.641 0.26944 0.296655
797 125.1 344.933 519.202 549.142 3.23723 1.1256
798 125.1 520.196 581.131 621.65 3.0651 0.630339
799 125.1 144.785 420.003 426.134 1.28845 0.154549
800 125.1 221.71 291.386 269.393 2.43582 0.222881
801 125.1 74.284 226.112 227.152 1.59999 -0.195476
802 125.1 95.1967 523.657 535.355 2.58115 0.485557
803 125.1 149.883 298.427 288.705 3.51457 0.0263748
804 125.1 848.335 977.097 852.01 2.54419 1.27566
805 125.1 76.1033 451.852 461.603 1.64667 0.442453
806 125.1 245.396 635.042 638.063 3.75659 -0.0353253
807 125.1 800.646 863.107 835.936 0.0495988 1.72287
808 125.1 91.4121 458.833 467.51 3.52924 0.777553
809 125.1 852.696 944.641 979.774 0.913435 -0.182993
810 125.1 756.354 882.297 917.67 1.04732 0.280342
811 125.1 462.503 560.79 473.23 3.84029 0.463559
812 125.1 340.158 377.313 348.535 3.11658 1.51505
813 125.1 815.185 914.268 826.532 0.868224 0.933115
814 125.1 687.146 795.07 790.793 0.370109 -0.115408
815 125.1 199.763 494.032 499.396 3.12016 1.88557
816 125.1 891.615 979.439 999.417 0.356088 0.8552
817 125.1 635.164 719.433 765.592 1.66089 0.0201058
818 125.1 780.469 806.366 853.815 1.64508 -0.432222
819 125.1 345.447 414.367 435.652 4.02923 -0.363063
820 125.1 431.096 503.783 510.88 2.37817 1.36915
821 125.1 711.737 841.948 868.07 2.21328 1.03477
822 125.1 660.271 830.759 836.829 1.6818 -0.0704497
823 125.1 17.8625 216.013 214.734 1.49653 0.0206152
824 125.1 172.245 244.341 181.422 1.91608 1.04372
825 125.1 399.897 461.526 452.019 0.461736 0.814033
826 125.1 455.477 484.094 513.011 0.589968 -0.0450052
827 125.1 573.852 727.639 754.096 0.0758198 1.11874
828 125.1 47.1091 278.117 288.124 3.59168 0.47583
829 125.1 497.966 722.066 719.467 2.40761 0.463153
830 125.1 270.558 394.158 426.548 2.16459 0.430687
831 125.1 481.263 614.36 617.562 3.09712 0.73104
832 125.1 491.478 510.938 562.768 2.07639 0.326898
833 125.1 823.711 856.379 899.329 2.78059 0.0121155
834 125.1 906.483 979.336 990.449 3.23296 1.01355
835 125.1 901.756 968.78 938.388 4.04863 1.88426
836 125.1 318.508 381.8 389.308 3.48445 0.165237
837 125.1 402.301 446.16 463.242 4.06114 1.91079
838 125.1 537.417 799.725 801.362 3.44725 0.652497
839 125.1 313.526 354.184 358.145 2.81651 1.4854
840 125.1 801.939 869.602 810.616 2.76051 1.77644
841 125.1 189.116 341.468 348.432 2.12089 1.71042
842 125.1 534.993 538.128 577.17 4.08251 1.41629
843 125.1 316.505 491.038 318.532 3.88731 0.317535
844 125.1 418.718 523.887 556.528 1.26138 -0.22951
845 125.1 926.322 960.538 982.366 0.957806 -0.140158
846 125.1 48.9977 116.571 148.269 2.48598 0.596299
847 125.1 662.285 864.578 881.611 2.48113 0.421522
848 125.1 650.794 677.695 709.348 0.532991 -0.277925
849 125.1 660.995 726.513 719.666 2.45137 -0.362984
850 125.1 517.619 567.221 579.915 3.32464 0.28117
851 125.1 884.524 940.845 887.319 1.52627 -0.0909218
852 125.1 264.57 404.005 424.884 0.129808 0.746614
853 125.1 293.903 348.041 315.509 4.15436 1.27632
854 125.1 248.807 472.595 494.98 0.863976 1.86562
855 125.1 770.045 912.646 916.037 2.1895 0.627344
856 125.1 489.875 544.379 597.798 2.01587 1.89191
857 125.1 125.733 246.77 283.4 3.22412 -0.807837
858 125.1 284.617 626.293 631.626 3.70327 -0.457262
859 125.1 480.247 524.826 566.296 4.09797 0.950119
860 125.1 429.328 575.483 431.581 0.619118 1.33497
861 125.1 332.979 454.334 487.053 2.04263 1.91888
862 125.1 327.36 495.279 509.156 0.252884 0.684795
863 125.1 654.057 680.514 657.259 0.438388 1.19379
864 125.1 618.516 659.353 673.356 0.830855 0.235617
865 125.1 99.8404 360.275 378.612 3.73862 -0.0895449
866 125.1 786.668 879.376 788.147 0.211689 1.89832
867 125.1 412.48 421.798 428.045 3.91026 0.630521
868 125.1 528.243 594.123 558.543 3.88289 -0.438865
869 125.1 220.836 387.56 381.753 1.8912 -0.126166
870 125.1 488.086 507.113 502.455 3.40784 1.1742
871 125.1 179.68 524.438 527.89 2.46434 -0.190966
872 125.1 813.459 852.596 849.649 3.46723 -0.898013
873 125.1 473.364 565.557 555.12 2.39045 0.593107
874 125.1 704.332 781.574 766.54 0.646896 0.912933
875 125.1 77.3337 185.348 192.88 1.34733 -0.318152
876 125.1 244.724 258.23 325.712 1.75439 1.64465
877 125.1 250.159 370.278 373.546 3.5826 0.0253874
878 125.1 353.793 493.435 516.545 1.10534 -0.274865
879 125.1 166.09 527.618 528.891 1.07142 1.28019
880 125.1 43.7281 210.545 229.509 4.16257 0.123612
881 125.1 317.188 448.231 444.47 3.89399 1.86485
882 125.1 502.852 689.953 685.498 2.46952 0.2699
883 125.1 569.642 764.045 572.195 2.79392 -0.665303
884 125.1 368.378 450.74 439.139 2.9476 0.351143
885 125.1 631.417 650.417 642.019 2.5122 0.234715
886 125.1 418.646 566.967 595.951 3.77061 1.65601
887 125.1 709.525 735.179 748.592 2.99219 0.787998
888 125.1 839.048 884.811 844.334 1.2202 0.199018
889 125.1 497.508 652.125 678.847 2.18259 1.94114
890 125.1 107.341 217.451 252.841 3.42058 -0.146663
891 125.1 565.891 587.689 653.695 0.604039 0.926969
892 125.1 663.201 706.283 729.891 0.594705 0.501223
893 125.1 102.867 121.243 147.664 2.50601 -0.408435
894 125.1 722.317 861.769 864.109 0.997203 1.94126
895 125.1 84.6676 288.92 280.493 2.6909 -0.701861
896 125.1 264.576 290.83 282.791 0.27715 1.29015
897 125.1 246.877 300.953 281.958 3.05053 -0.823763
898 125.1 373.401 392.537 403.048 2.0841 -0.689395
899 125.1 348.746 553.831 554.28 2.35806 -0.474136
900 125.1 53.4416 163.247 191.512 3.26789 -0.0259612
901 125.1 239.195 262.407 276.83 0.844289 0.907531
902 125.1 857.628 939.349 860.396 3.26249 0.119649
903 125.1 534.908 737.368 736.809 4.10277 0.602256
904 125.1 285.761 337.66 392.641 1.8464 1.05746
905 125.1 703.074 901.85 923.089 0.234332 0.441488
906 125.1 327.954 465.039 330.821 2.23104 1.05035
907 125.1 187.851 424.607 430.797 2.37507 -0.0460939
908 125.1 168.482 244.176 273.709 0.765735 1.09864
909 125.1 770.076 878.375 866.103 0.0241722 0.842968
910 125.1 439.663 493.29 527.335 2.83351 1.22469
911 125.1 321.007 416.468 329.938 1.72154 0.793324
912 125.1 63.2847 475.318 485.476 3.46217 0.912445
913 125.1 325.167 486.487 482.468 2.99625 -0.563714
914 125.1 493.478 552.381 551.169 0.73077 1.84442
915 125.1 308.147 327.183 343.052 0.0432195 1.27001
916 125.1 804.409 838.393 844.868 0.402502 0.775963
917 125.1 543.214 677.525 697.995 0.682053 1.84514
918 125.1 791.061 799.542 868.972 3.15928 -0.189274
919 125.1 504.304 709.909 720.194 1.65917 1.07779
920 125.1 248.211 559.959 563.051 1.17403 0.440424
921 125.1 79.6403 86.9904 125.491 2.73343 0.159327
922 125.1 167.26 440.388 442.007 0.830718 0.426923
923 125.1 515.666 521.915 578.907 3.02619 -0.123323
924 125.1 261.952 475.576 499.005 4.18083 1.15681
925 125.1 255.831 634.911 650.269 0.475011 0.0451267
926 125.1 697.308 710.176 759.005 1.20469 1.61389
927 125.1 536.007 606.413 644.863 4.00145 1.83147
928 125.1 481.164 572.588 598.648 3.00142 0.697355
929 125.1 845.03 922.064 910.328 0.630646 0.845103
930 125.1 176.843 208.186 258.192 2.78823 0.0245465
931 125.1 192.037 235.755 213.348 2.81701 0.794224
932 125.1 312.259 362.741 365.502 0.469268 1.12212
933 125.1 433.081 472.449 455.316 0.664065 -0.0253568
934 125.1 912.024 932.572 934.54 1.39049 0.832511
935 125.1 111.383 179.5 176.466 3.33915 0.342712
936 125.1 592.919 784.409 799.722 0.202395 1.50992
937 125.1 179.144 243.993 184.055 2.91546 0.433294
938 125.1 397.751 570.683 583.387 3.82478 0.570238
939 125.1 628.986 632.462 661.771 0.98421 -0.00792154
940 125.1 188.025 248.459 249.944 3.06823 1.47465
941 125.1 718.15 775.836 758.902 2.60929 -0.0336211
942 125.1 735.191 869.179 878.025 4.06074 1.10998
943 125.1 624.809 746.231 772.195 1.67368 0.220227
944 125.1 49.9033 177.669 187.769 3.01386 0.405821
945 125.1 548.99 657.292 556.127 2.78869 0.965932
946 125.1 265.272 522.953 543.939 4.09459 1.28248
947 125.1 396.002 458.107 403.519 0.167935 0.872095
948 125.1 472.293 622.005 478.032 0.640854 0.861674
949 125.1 582.332 670.624 595.388 3.22402 -0.486741
950 125.1 221.018 262.965 312.867 3.48163 -0.811901
951 125.1 255.764 502.768 515.886 0.647077 1.52729
952 125.1 95.1946 149.589 141.918 3.57684 -0.048385
953 125.1 130.51 184.519 180.187 1.60924 0.527477
954 125.1 108.454 402.496 396.671 3.25355 0.25754
955 125.1 624.796 658.178 696.424 2.72523 1.19328
956 125.1 140.248 209.848 229.34 3.55572 1.31569
957 125.1 800.165 890.017 924.748 3.59962 0.463243
958 125.1 237.427 259.36 317.134 3.37626 1.7256
959 125.1 207.511 276.604 304.583 2.37672 -0.15216
960 125.1 608.157 630.773 646.688 3.21931 -0.817015
961 125.1 189.873 589.323 591.936 3.78729 1.08123
962 125.1 564.624 596.689 639.019 2.40588 -0.677375
963 125.1 858.833 909.008 936.301 0.446893 0.060092
964 125.1 482.998 614.76 611.792 4.01527 1.95943
965 125.1 179.087 207.792 235.756 4.00096 -0.203471
966 125.1 123.359 127.552 139.791 0.0510655 -0.0575311
967 125.1 892.593 912.51 893.382 1.59338 -0.586111
968 125.1 848.794 862.58 928.585 3.8275 0.154007
969 125.1 381.015 433.256 462.472 1.93768 -0.454904
970 125.1 753.278 777.19 833.818 3.90083 0.570348
971 125.1 794.528 985.224 989.59 1.78322 0.0325785
972 125.1 311.519 523.262 528.756 3.14018 1.06596
973 125.1 342.346 393.81 443.259 2.77458 1.14826
974 125.1 394.593 519.674 396.678 4.09834 0.750889
975 125.1 186.289 346.098 343.026 2.44234 1.45553
976 125.1 470.899 558.212 550.582 2.66207 -0.434066
977 125.1 688.017 712.608 770.849 1.67858 1.29121
978 125.1 698.692 740.042 798.794 1.37392 -0.595587
979 125.1 62.4119 387.008 403.725 3.21089 0.789866
980 125.1 246.101 311.209 349.681 3.88133 0.34578
981 125.1 74.7961 418.292 423.482 2.37283 0.304977
982 125.1 376.721 381.741 396.514 3.71595 1.19042
983 125.1 330.012 470.468 466.323 4.13299 0.411857
984 125.1 14.47 167.547 151.286 0.502584 -0.110804
985 125.1 286.52 652.947 659.105 1.42873 -0.215574
986 125.1 901.371 924.987 978.401 3.03403 1.30873
987 125.1 776.084 888.5 910.211 1.95366 0.73203
988 125.1 140.049 179.095 193.58 0.875013 0.814244
989 125.1 536.977 640.421 675.668 1.30896 1.52058
990 125.1 548.401 660.799 554.958 3.92585 0.417638
991 125.1 265.216 326.776 287.127 3.31629 1.52926
992 125.1 15.5611 208.593 206.733 3.11032 0.564295
993 125.1 207.069 281.729 266.148 1.53373 1.00615
994 125.1 817.685 857.984 909.063 2.31913 1.91926
995 125.1 749.624 795.044 795.161 4.10076 0.397159
996 125.1 465.29 533.264 488.877 1.90933 -0.36282
997 125.1 251.133 410.864 430.471 2.20816 1.05166
998 125.1 186.384 621.433 617.95 2.99068 0.142969
999 125.1 317.121 336.572 322.084 1.97201 0.638401
