mh MH MA MC la2 laL la1 la3 la4 la5 S T U
125.100000 305.560190 360.714880 416.043130 1.138910 -0.053886 0.258609 2.580950 -2.027588 -0.607248 -0.011917 0.108054 0.083760
125.100000 412.876360 660.478450 654.038380 1.933153 0.816069 0.258609 9.319583 -4.111867 -4.391647 -0.009738 -0.027059 0.082742
125.100000 817.314840 888.579400 842.074170 3.518501 -0.225499 0.258609 1.132335 0.651052 -2.008887 0.000669 -0.020435 0.082800
125.100000 770.269690 852.524140 833.266540 0.769564 -0.079614 0.258609 3.258932 -1.132815 -2.205731 -0.001413 -0.021524 0.082796
125.100000 220.649350 402.205480 392.922510 3.952894 0.010072 0.258609 3.503428 -1.624708 -1.868648 -0.011250 -0.027567 0.082551
125.100000 594.220980 634.500540 697.453350 1.016670 1.231377 0.258609 5.638231 -3.589015 -0.817839 -0.006784 0.115275 0.083155
125.100000 230.974180 412.566050 441.806980 0.639628 0.883781 0.258609 5.571610 -2.756742 -1.931087 -0.015799 0.106331 0.083725
125.100000 899.537250 916.310080 989.502810 0.689944 0.187253 0.258609 5.803902 -5.113362 -0.503287 -0.004597 0.116890 0.082993
125.100000 313.971380 453.255750 441.984590 3.273446 1.835230 0.258609 5.033470 -1.432381 -1.765859 -0.007172 -0.025320 0.082640
125.100000 686.244560 687.735900 767.533320 2.439965 0.012804 0.258609 3.918409 -3.871745 -0.033860 -0.005939 0.115122 0.083096
125.100000 251.628050 304.089930 359.945940 1.480150 0.993665 0.258609 3.182984 -1.707562 -0.481757 -0.013926 0.106790 0.084106
125.100000 397.306860 522.988690 405.122940 0.178131 1.788879 0.258609 1.996158 1.704024 -1.911303 0.006910 -0.016234 0.082695
125.100000 525.905840 592.055190 646.105940 0.993690 0.072015 0.258609 4.727840 -3.433794 -1.222031 -0.007715 0.115122 0.083214
125.100000 774.066800 906.415780 944.200000 2.892356 0.097448 0.258609 9.758834 -5.986157 -3.675229 -0.006128 0.113845 0.083009
125.100000 478.686170 517.381160 579.713810 0.514879 0.527280 0.258609 4.061144 -2.896961 -0.636903 -0.008141 0.111647 0.083293
125.100000 254.524810 546.331130 540.194350 0.092090 -0.030511 0.258609 7.472531 -3.641339 -3.861703 -0.013943 -0.029745 0.082671
125.100000 309.406030 331.344220 399.991770 2.061809 0.782608 0.258609 2.906388 -1.891496 -0.232284 -0.012012 0.110120 0.083855
125.100000 112.462600 132.858100 198.261960 2.785911 1.033968 0.258609 1.915056 -0.798409 -0.082680 -0.027052 0.098353 0.087896
125.100000 748.018150 830.852500 764.505490 2.417055 -0.358205 0.258609 0.465957 1.336997 -2.161159 0.001700 -0.019406 0.082793
125.100000 621.151210 773.906490 807.728420 0.291095 1.998248 0.258609 10.809021 -5.289350 -3.521423 -0.007646 0.111503 0.083072
125.100000 213.867170 308.032930 289.391570 3.338976 -0.302147 0.258609 0.953994 -0.444040 -0.812101 -0.005370 -0.024716 0.082387
125.100000 375.493840 393.771870 463.656710 1.063383 0.333981 0.258609 2.779018 -2.212691 -0.232346 -0.010083 0.109205 0.083560
125.100000 93.806919 511.571350 526.854290 3.270049 0.573005 0.258609 9.455803 -4.703647 -4.179151 -0.022309 0.101451 0.083561
125.100000 238.646230 404.457230 435.764950 0.820704 1.290844 0.258609 5.684362 -2.631445 -1.762073 -0.015314 0.106900 0.083743
125.100000 694.184080 862.340370 894.346990 0.062102 1.819186 0.258609 12.327647 -6.183334 -4.325127 -0.007234 0.113225 0.083031
125.100000 163.129660 439.998260 460.680590 1.626440 0.681793 0.258609 6.816214 -3.375032 -2.759389 -0.019429 0.101870 0.083701
125.100000 266.425590 351.656820 280.107280 2.861814 -0.744189 0.258609 -0.497064 0.623388 -0.870512 0.005205 -0.017255 0.082514
125.100000 282.361830 505.560110 530.963270 0.377046 0.519796 0.258609 7.202121 -3.776270 -2.906055 -0.014723 0.108936 0.083455
125.100000 204.080930 605.933290 621.162450 3.151988 -0.487383 0.258609 10.887915 -5.996454 -5.378844 -0.018980 0.104024 0.083323
125.100000 489.275740 536.932920 596.346380 1.967101 1.138790 0.258609 4.980361 -3.033418 -0.808153 -0.008043 0.112763 0.083272
125.100000 398.421540 539.166080 528.614020 2.979573 0.471720 0.258609 4.460518 -1.808212 -2.180586 -0.006136 -0.024197 0.082709
125.100000 724.307610 805.824790 741.653510 1.591173 -0.473066 0.258609 0.367321 1.220755 -2.061142 0.001645 -0.019746 0.082789
125.100000 43.442420 383.123630 402.000550 3.429593 -0.361335 0.258609 4.917176 -2.884162 -2.394350 -0.024422 0.099547 0.084122
125.100000 370.767440 436.427620 488.864270 4.151103 -0.227005 0.258609 3.128134 -2.479328 -0.875811 -0.010225 0.109538 0.083493
125.100000 580.251880 814.074430 807.660320 0.525541 1.173051 0.258609 11.604109 -5.043641 -5.387417 -0.007413 -0.025637 0.082781
125.100000 125.478500 168.647610 225.244450 2.562916 -0.630779 0.258609 0.525616 -0.946580 -0.209815 -0.023441 0.098779 0.086499
125.100000 650.221520 727.891190 778.080120 2.877001 -0.185718 0.258609 5.849732 -4.266702 -1.768748 -0.006453 0.113754 0.083089
125.100000 589.619290 683.082220 728.556190 2.118470 0.080967 0.258609 6.133687 -4.087117 -1.965603 -0.007159 0.111897 0.083123
125.100000 299.306420 571.363270 592.809420 1.213201 0.289147 0.258609 8.942683 -4.739337 -3.914199 -0.014967 0.107975 0.083333
125.100000 103.577790 289.235830 317.785950 3.205755 -0.201400 0.258609 2.781598 -1.777878 -1.205119 -0.022620 0.100836 0.084754
125.100000 539.787250 627.098610 608.527270 2.205619 1.023363 0.258609 3.632100 -0.925175 -1.683561 -0.002226 -0.022625 0.082751
125.100000 22.123411 225.820520 213.686290 2.640562 0.513869 0.258609 2.006776 -0.658327 -0.834580 -0.019920 -0.033515 0.081398
125.100000 681.925990 852.190430 884.250850 1.025335 0.594326 0.258609 11.066813 -6.156183 -4.316304 -0.007392 0.114611 0.083039
125.100000 605.417800 747.478670 737.169200 0.518720 0.933275 0.258609 6.779257 -2.670067 -3.175915 -0.004445 -0.024023 0.082775
125.100000 261.043320 523.649890 545.597520 2.172030 0.708207 0.258609 8.294070 -4.180721 -3.405142 -0.015883 0.106625 0.083427
125.100000 246.640220 613.230240 629.394530 0.748217 0.212753 0.258609 11.294321 -5.872699 -5.208869 -0.017491 0.103336 0.083289
125.100000 238.138380 549.389870 543.597120 2.868881 0.052941 0.258609 7.944670 -3.841241 -4.050488 -0.014804 -0.029797 0.082670
125.100000 209.314710 508.977210 528.804170 1.001889 1.324883 0.258609 9.118564 -4.236851 -3.556830 -0.017972 0.106047 0.083497
125.100000 0.202173 595.485580 608.006920 2.134144 0.270208 0.258609 12.487551 -6.357686 -5.859658 -0.023382 0.101745 0.083409
125.100000 228.570450 289.056690 342.550010 3.054665 0.706758 0.258609 2.858125 -1.633994 -0.517373 -0.015039 0.107404 0.084281
125.100000 497.172180 648.905580 639.271940 3.116957 -0.314939 0.258609 5.022110 -2.463457 -2.873592 -0.005606 -0.024154 0.082752
125.100000 233.942120 264.602090 328.868080 1.831345 -0.011529 0.258609 1.754130 -1.513075 -0.252584 -0.015058 0.107799 0.084406
125.100000 677.226440 764.603510 692.503130 3.391199 0.830138 0.258609 1.521688 1.390261 -2.081811 0.002136 -0.019533 0.082782
125.100000 719.307840 802.345160 782.598800 2.621861 -0.241888 0.258609 2.899665 -1.053609 -2.087944 -0.001498 -0.022170 0.082789
125.100000 755.371460 824.156660 787.389130 2.604473 0.513110 0.258609 2.145591 0.162882 -1.795363 0.000144 -0.020892 0.082793
125.100000 672.022690 708.228680 772.395630 3.109282 1.761308 0.258609 6.552785 -3.965689 -0.825788 -0.006021 0.114277 0.083091
125.100000 406.438280 685.111210 706.038450 3.453968 0.672467 0.258609 11.687676 -5.988683 -5.026527 -0.012711 0.108733 0.083173
125.100000 377.320560 616.258440 380.109740 1.939936 -0.024847 0.258609 0.044973 3.853170 -3.922990 0.014987 -0.011393 0.082714
125.100000 202.100390 330.938710 317.897640 2.817152 0.129941 0.258609 2.119972 -0.855192 -1.134838 -0.008795 -0.026270 0.082428
125.100000 817.006250 897.866800 834.368970 3.891938 0.538366 0.258609 1.485962 1.343791 -2.291387 0.001443 -0.019563 0.082801
125.100000 2.265712 488.112350 502.795020 2.188468 0.711306 0.258609 9.066045 -4.417788 -3.936951 -0.023934 0.098799 0.083656
125.100000 284.517830 356.720420 329.712890 0.511427 1.352201 0.258609 2.269651 -0.152378 -0.765071 -0.001556 -0.021580 0.082544
125.100000 399.629080 469.695040 425.069220 3.803362 -0.598706 0.258609 0.094679 0.313126 -1.006511 0.001135 -0.020114 0.082678
125.100000 340.061010 686.926130 703.907960 3.161320 -0.243396 0.258609 12.310141 -6.667060 -5.886476 -0.015025 0.105439 0.083184
125.100000 375.600100 531.534560 565.138990 2.849226 0.518365 0.258609 6.411241 -3.555419 -2.337457 -0.011324 0.111785 0.083353
125.100000 604.210510 784.829760 776.807440 3.547757 0.756976 0.258609 8.634544 -3.731765 -4.145803 -0.005728 -0.024435 0.082780
125.100000 205.926880 577.152770 593.662710 2.404926 0.343464 0.258609 10.589664 -5.442521 -4.803679 -0.018712 0.105519 0.083372
125.100000 383.691900 547.522360 538.323410 3.669030 -0.897561 0.258609 3.814337 -2.190891 -2.521007 -0.007330 -0.024978 0.082708
125.100000 648.234350 800.879570 835.000550 1.868573 1.448754 0.258609 10.603958 -5.499967 -3.655237 -0.007401 0.112643 0.083059
125.100000 123.008440 355.719900 347.156790 2.197731 0.051689 0.258609 3.534628 -1.642011 -1.840928 -0.016432 -0.031519 0.082380
125.100000 634.838250 734.387220 779.099330 0.378942 -0.063434 0.258609 6.677797 -4.488852 -2.252379 -0.006832 0.114251 0.083091
125.100000 264.651490 476.418910 502.426280 3.227484 1.679254 0.258609 7.707140 -3.434611 -2.593274 -0.015043 0.106613 0.083516
125.100000 277.795610 460.965380 452.056640 3.511154 1.769136 0.258609 5.972481 -1.967264 -2.236081 -0.009931 -0.026973 0.082631
125.100000 588.075720 729.619940 719.371690 3.827786 1.449066 0.258609 7.122361 -2.591264 -3.082031 -0.004542 -0.023793 0.082773
125.100000 778.665370 892.495680 934.509450 3.838026 1.433997 0.258609 10.257718 -5.680275 -3.143446 -0.005901 0.116023 0.083015
125.100000 360.444090 430.819940 399.913770 0.219625 1.360221 0.258609 2.352060 -0.071655 -0.920184 -0.000626 -0.021603 0.082642
125.100000 406.089270 412.183950 488.449170 2.026447 1.625438 0.258609 4.060302 -2.352454 -0.082410 -0.009558 0.111368 0.083495
125.100000 344.476010 430.189860 359.319520 0.179542 1.022907 0.258609 1.368164 0.751967 -1.097224 0.003981 -0.018593 0.082630
125.100000 105.780670 179.716340 149.995100 0.163696 0.542732 0.258609 0.916484 -0.024945 -0.348807 -0.002939 -0.022796 0.081234
125.100000 590.061850 743.756580 778.262200 2.722644 1.407535 0.258609 9.918311 -5.123228 -3.387548 -0.008040 0.114687 0.083100
125.100000 371.657640 663.348630 657.746260 1.902647 -0.477000 0.258609 9.255988 -4.744191 -4.988796 -0.011560 -0.027676 0.082738
125.100000 783.047780 917.091500 906.678870 3.428838 1.033777 0.258609 7.937827 -3.138219 -3.765830 -0.003360 -0.022808 0.082801
125.100000 568.073420 774.217140 801.450750 1.271608 1.815798 0.258609 12.378819 -5.990598 -4.572423 -0.009097 0.111833 0.083085
125.100000 842.292330 911.288820 872.304800 3.102508 1.849109 0.258609 3.549793 0.298638 -1.999321 0.000260 -0.020766 0.082802
125.100000 685.605440 831.373710 821.429450 2.618363 0.639387 0.258609 7.404260 -3.110841 -3.654032 -0.004130 -0.023903 0.082789
125.100000 657.372430 730.513470 680.503210 1.029269 1.957915 0.258609 2.980656 0.654690 -1.677431 0.001022 -0.020522 0.082777
125.100000 659.619640 811.906000 666.296230 2.560157 0.684040 0.258609 0.976611 3.410471 -3.703042 0.005377 -0.017188 0.082785
125.100000 12.684565 66.364511 107.589070 0.701117 -0.346216 0.258609 0.031023 -0.307120 -0.070119 -0.067417 0.060744 0.112063
125.100000 352.562460 595.881400 619.649170 1.706679 1.585076 0.258609 10.166767 -4.768248 -3.813444 -0.013260 0.110051 0.083282
125.100000 752.940650 828.436520 879.293740 3.160323 1.672982 0.258609 8.488960 -4.843153 -1.972824 -0.005642 0.113964 0.083032
125.100000 484.610060 601.284690 588.482830 2.622033 1.362250 0.258609 5.046074 -1.590223 -2.093601 -0.004182 -0.023515 0.082739
125.100000 131.011570 214.904050 142.363870 2.687158 0.500115 0.258609 0.602681 0.376972 -0.479538 0.010202 -0.014271 0.081728
125.100000 319.455960 542.240250 322.218590 3.518342 0.583933 0.258609 0.642519 3.113672 -3.172258 0.016294 -0.010467 0.082673
125.100000 720.186880 859.983640 850.017270 2.242325 -0.726358 0.258609 6.011041 -3.087080 -3.650319 -0.003798 -0.022911 0.082794
125.100000 603.320150 681.314630 731.225470 3.211601 1.575487 0.258609 7.216821 -3.985666 -1.655668 -0.006884 0.113135 0.083122
125.100000 180.056520 301.509670 185.888990 3.766645 1.488708 0.258609 1.559247 0.895945 -0.966484 0.014173 -0.011641 0.082289
125.100000 317.989070 438.035050 477.020650 1.596071 -0.587116 0.258609 3.591338 -2.678724 -1.499730 -0.012122 0.108937 0.083552
125.100000 540.708760 611.517210 565.772600 0.189140 0.650787 0.258609 1.567327 0.431654 -1.348194 0.000935 -0.020333 0.082749
125.100000 104.902740 221.699090 259.975300 3.139545 1.120838 0.258609 2.990842 -1.239660 -0.630344 -0.023547 0.100622 0.085702
125.100000 484.654110 556.036160 528.087300 3.212427 0.010894 0.258609 1.464612 -0.226165 -1.227553 -0.000813 -0.021522 0.082728
125.100000 311.866330 413.053490 397.226600 3.427230 -0.161447 0.258609 1.838962 -0.788290 -1.212119 -0.004757 -0.023824 0.082612
125.100000 480.645730 512.640560 578.599420 3.770631 -0.580982 0.258609 2.848094 -2.903925 -0.525151 -0.008195 0.114564 0.083307
125.100000 421.514240 542.944870 530.636760 4.182002 1.460442 0.258609 4.894281 -1.498568 -1.935271 -0.004940 -0.023714 0.082714
125.100000 461.890270 463.633570 541.921630 1.446989 1.921490 0.258609 4.576537 -2.628386 -0.026662 -0.008502 0.111127 0.083359
125.100000 713.630210 821.712070 808.461860 1.862020 -0.494958 0.258609 4.275433 -2.028263 -2.742129 -0.002715 -0.022273 0.082791
125.100000 762.965820 884.050130 923.929590 2.178474 -0.425656 0.258609 8.548138 -5.678338 -3.295456 -0.006058 0.113714 0.083016
125.100000 106.388550 174.244740 133.268410 2.384068 0.323810 0.258609 0.536711 0.101772 -0.314672 0.002163 -0.019147 0.081148
125.100000 246.284090 450.191490 441.965780 3.253585 -0.524017 0.258609 3.926968 -2.104225 -2.346760 -0.011498 -0.027738 0.082610
125.100000 77.190687 429.568270 447.546920 1.758974 0.184756 0.258609 6.607515 -3.471961 -2.950798 -0.023072 0.101915 0.083859
125.100000 296.154520 366.084820 336.814690 2.100433 1.674798 0.258609 2.525371 -0.085311 -0.765262 -0.000985 -0.021053 0.082563
125.100000 202.332210 338.429380 373.560520 1.632587 -0.288241 0.258609 2.970703 -2.042801 -1.216143 -0.016487 0.104260 0.084066
125.100000 540.462960 674.449990 712.062660 1.532143 0.045962 0.258609 7.149307 -4.413436 -2.689910 -0.008308 0.114021 0.083149
125.100000 491.356610 553.841340 608.622420 0.421355 1.330576 0.258609 5.593579 -3.183802 -1.079201 -0.008125 0.113815 0.083259
125.100000 802.500930 882.013830 820.407070 3.529202 1.707048 0.258609 2.667456 1.252902 -2.213310 0.001389 -0.019574 0.082799
125.100000 363.376670 602.680930 626.380580 3.907292 -0.217915 0.258609 8.385100 -4.782840 -3.820175 -0.012923 0.108223 0.083262
125.100000 416.377990 516.265580 427.714540 0.014738 1.339760 0.258609 1.656010 1.223169 -1.539420 0.004631 -0.017746 0.082699
125.100000 538.197240 628.008670 674.255540 2.058288 1.336647 0.258609 6.788569 -3.721163 -1.730759 -0.007690 0.111407 0.083172
125.100000 169.518510 603.508080 598.795250 3.385486 -0.339202 0.258609 10.561030 -5.356484 -5.543748 -0.018470 -0.032443 0.082678
125.100000 591.184400 621.782130 688.359470 1.170282 -0.234395 0.258609 3.874924 -3.496026 -0.613293 -0.006782 0.114775 0.083162
125.100000 428.947890 701.390040 723.029720 0.363705 -0.104307 0.258609 11.091928 -6.107470 -5.088765 -0.012227 0.110630 0.083159
125.100000 630.536290 803.771730 835.091940 2.250619 0.942326 0.258609 10.850533 -5.802302 -4.105905 -0.007897 0.113101 0.083062
125.100000 587.600680 751.475710 742.682560 1.265611 -0.271224 0.258609 6.546901 -3.191957 -3.626168 -0.005323 -0.024082 0.082776
125.100000 103.733990 294.868280 322.572940 3.049841 0.552484 0.258609 3.635720 -1.824287 -1.258949 -0.022518 0.099774 0.084677
125.100000 636.527650 835.673200 641.267160 2.322640 0.252866 0.258609 0.453015 4.644557 -4.844706 0.007552 -0.016236 0.082784
125.100000 146.034280 258.265920 242.532900 4.121963 0.192024 0.258609 1.431240 -0.489410 -0.749806 -0.009082 -0.026248 0.082120
125.100000 345.223540 395.480530 453.328970 1.341057 0.683030 0.258609 3.536089 -2.237923 -0.615136 -0.010844 0.110669 0.083616
125.100000 857.014840 877.602990 948.923140 1.799531 0.224080 0.258609 5.709594 -4.895380 -0.590134 -0.004805 0.116353 0.083006
125.100000 686.186450 719.820320 785.467780 0.479673 -0.056165 0.258609 4.772567 -4.047295 -0.781437 -0.005930 0.115649 0.083085
125.100000 418.778280 560.577260 595.707740 0.254066 1.801673 0.258609 7.733739 -3.637275 -2.294792 -0.010175 0.109430 0.083281
125.100000 392.931310 461.615770 425.365290 0.987562 1.533741 0.258609 2.410885 0.092750 -0.969894 0.000184 -0.020832 0.082672
125.100000 272.017640 493.712640 519.100150 1.909718 1.501410 0.258609 7.961565 -3.654970 -2.805185 -0.014993 0.108074 0.083482
125.100000 441.696500 509.659000 473.834190 0.106687 -0.092731 0.258609 0.879674 0.096015 -1.068420 0.000161 -0.020409 0.082707
125.100000 679.226990 833.952070 685.865800 3.499363 0.094167 0.258609 0.393678 3.569330 -3.868841 0.005321 -0.017384 0.082788
125.100000 124.783160 249.918610 235.057500 2.260922 -0.537596 0.258609 0.773832 -0.536617 -0.774811 -0.010999 -0.028006 0.082001
125.100000 920.466100 999.844700 939.321900 2.684192 -0.579718 0.258609 0.579241 1.359905 -2.518864 0.001160 -0.020253 0.082809
125.100000 133.836470 361.965170 386.398460 4.079901 -0.545974 0.258609 3.796400 -2.473339 -1.869036 -0.020602 0.102113 0.084096
125.100000 653.636420 737.849460 786.929480 2.276161 -0.303964 0.258609 6.042041 -4.409637 -1.936368 -0.006531 0.115948 0.083088
125.100000 464.974390 705.235870 728.755370 2.640274 -0.770760 0.258609 9.635850 -5.760625 -4.645985 -0.011054 0.108445 0.083140
125.100000 307.047980 524.724250 309.839890 2.667368 -0.798000 0.258609 -0.741080 2.934967 -2.991888 0.016510 -0.010322 0.082660
125.100000 678.339320 828.327340 863.402260 4.067330 -0.127038 0.258609 9.302509 -5.695296 -3.734251 -0.007124 0.114789 0.083047
125.100000 103.179090 191.226840 111.593170 2.159776 0.539601 0.258609 0.599324 0.368622 -0.428346 0.014562 -0.011438 0.081260
125.100000 843.279670 917.886290 894.714500 1.149001 -0.053155 0.258609 2.901219 -0.783136 -2.171238 -0.000852 -0.021152 0.082803
125.100000 541.687620 635.439380 681.363520 2.080348 0.945515 0.258609 6.591320 -3.822193 -1.823613 -0.007744 0.113554 0.083172
125.100000 634.425760 792.124240 640.742050 3.768203 1.137067 0.258609 1.403256 3.451254 -3.717443 0.005825 -0.016895 0.082781
125.100000 311.524970 421.132690 320.911690 2.234074 -0.131093 0.258609 0.065103 1.130807 -1.327004 0.007152 -0.016553 0.082603
125.100000 593.654450 753.346510 786.310560 3.625608 -0.312394 0.258609 8.474000 -5.231873 -3.554521 -0.008051 0.112128 0.083089
125.100000 276.193460 586.718980 605.975320 3.487057 0.148646 0.258609 9.763401 -5.186896 -4.427859 -0.016108 0.107821 0.083326
125.100000 619.665170 695.910350 672.757950 2.325914 -0.353607 0.258609 1.914168 -0.610258 -1.657517 -0.001205 -0.021803 0.082771
125.100000 572.161880 762.907480 791.556900 1.993757 1.258164 0.258609 11.146230 -5.679946 -4.208120 -0.008775 0.110723 0.083086
125.100000 621.842240 732.656460 774.546250 1.708198 0.621556 0.258609 7.668754 -4.566900 -2.480298 -0.007074 0.113244 0.083093
125.100000 397.023870 597.118850 624.801540 1.326780 0.591138 0.258609 8.283286 -4.405034 -3.287114 -0.011594 0.110261 0.083258
125.100000 823.042050 931.982830 974.663550 0.698841 1.613161 0.258609 10.621384 -5.848831 -3.159392 -0.005545 0.114710 0.082998
125.100000 76.175692 196.346350 179.767940 2.233982 0.725291 0.258609 1.601548 -0.335092 -0.541165 -0.012976 -0.028564 0.081295
125.100000 712.318470 881.763060 914.073160 1.030644 1.085861 0.258609 11.930337 -6.381053 -4.463423 -0.007131 0.115224 0.083026
125.100000 711.424890 745.219220 810.422230 2.620939 1.808620 0.258609 6.787760 -4.165697 -0.813443 -0.005709 0.114544 0.083067
125.100000 567.196010 663.478660 647.667020 2.939394 -0.666571 0.258609 2.564351 -1.272885 -1.958038 -0.002693 -0.022545 0.082762
125.100000 80.922656 244.362400 231.832030 3.372247 -0.932600 0.258609 0.627239 -0.681319 -0.878520 -0.015743 -0.030888 0.081816
125.100000 799.915560 829.398770 896.718230 3.864189 1.965379 0.258609 7.393321 -4.634145 -0.793797 -0.005128 0.115661 0.083026
125.100000 694.918830 894.987760 922.957750 3.779045 -0.819658 0.258609 11.373442 -6.936789 -5.256311 -0.007711 0.112556 0.083021
125.100000 223.244050 329.560870 370.434380 1.452619 0.553552 0.258609 3.441507 -1.916766 -0.971189 -0.015280 0.105189 0.084059
125.100000 668.450660 837.604370 869.263210 2.180241 -0.422288 0.258609 9.783021 -5.995599 -4.209710 -0.007462 0.112317 0.083042
125.100000 188.152910 326.600670 361.836900 3.010305 0.909614 0.258609 4.066611 -1.979350 -1.177647 -0.017301 0.105743 0.084190
125.100000 424.370320 548.233270 536.326230 1.347909 0.038857 0.258609 3.593476 -1.563913 -1.990706 -0.005052 -0.023533 0.082717
125.100000 765.565160 836.767150 791.575960 2.655109 -0.517621 0.258609 0.820950 0.546703 -1.885274 0.000626 -0.020860 0.082793
125.100000 723.321160 862.215150 898.777010 3.547365 1.943758 0.258609 11.349753 -5.766934 -3.639062 -0.006579 0.113542 0.083027
125.100000 649.223420 738.847650 785.621190 2.286842 -0.080088 0.258609 6.387941 -4.412295 -2.055734 -0.006566 0.113053 0.083083
125.100000 458.894690 472.767310 546.078110 3.309885 1.067093 0.258609 3.962756 -2.682090 -0.213573 -0.008552 0.113352 0.083363
125.100000 499.409820 748.689870 771.650800 3.992196 -0.105655 0.258609 11.330487 -6.294917 -5.141225 -0.010696 0.109356 0.083108
125.100000 806.044280 813.676150 891.100230 0.024344 1.917561 0.258609 6.688274 -4.566445 -0.204268 -0.005113 0.116892 0.083030
125.100000 693.101200 763.709930 735.913860 3.876437 1.070710 0.258609 3.092652 -0.322167 -1.699775 -0.000560 -0.021116 0.082784
125.100000 715.695590 911.422090 903.986960 1.152057 0.981214 0.258609 11.060276 -4.816486 -5.262576 -0.005402 -0.024727 0.082796
125.100000 341.287170 591.855430 614.382110 4.039443 -0.110914 0.258609 8.514522 -4.761732 -3.863704 -0.013574 0.106427 0.083278
125.100000 556.102160 709.749880 743.642630 0.663174 -0.367919 0.258609 7.687958 -4.841929 -3.213948 -0.008384 0.112191 0.083120
125.100000 226.225200 363.711320 231.502750 4.128628 0.341986 0.258609 0.421822 1.260439 -1.340275 0.013345 -0.012096 0.082479
125.100000 445.249380 518.962300 466.109620 0.302492 1.981037 0.258609 2.609339 0.546178 -1.174481 0.001759 -0.019537 0.082709
125.100000 880.094380 896.279900 968.715920 1.683624 0.479965 0.258609 5.894877 -4.939806 -0.475106 -0.004638 0.113953 0.082995
125.100000 196.683090 269.476380 241.516110 4.135717 -0.989101 0.258609 -0.339825 -0.088544 -0.560732 -0.002016 -0.022072 0.082266
125.100000 209.624530 527.614420 545.942740 0.824311 1.230459 0.258609 9.628603 -4.524217 -3.873927 -0.018087 0.102815 0.083440
125.100000 26.670336 381.161570 399.535510 1.813369 -0.678502 0.258609 4.573574 -2.863074 -2.389002 -0.024769 0.097650 0.084131
125.100000 465.592110 533.301200 586.046850 3.550134 0.982830 0.258609 5.169323 -3.068869 -1.117624 -0.008517 0.112516 0.083291
125.100000 578.109780 587.395930 663.515610 3.076667 1.487285 0.258609 4.991880 -3.325749 -0.178846 -0.006964 0.115350 0.083189
125.100000 461.835290 531.673770 502.924220 0.790298 0.832671 0.258609 2.142769 -0.163539 -1.146559 -0.000691 -0.020942 0.082719
125.100000 239.683310 369.636840 245.878330 4.071974 1.756444 0.258609 1.855858 1.209055 -1.308469 0.011753 -0.013348 0.082498
125.100000 149.656240 220.070110 187.002630 2.670166 -0.112829 0.258609 0.302697 0.014672 -0.430198 -0.000867 -0.021653 0.081894
125.100000 278.190970 654.250880 670.365620 0.219657 0.229479 0.258609 12.523743 -6.499863 -5.794402 -0.016817 0.106187 0.083240
125.100000 102.233460 423.196670 442.312590 0.430895 0.649916 0.258609 6.770240 -3.333561 -2.786763 -0.022167 0.102620 0.083858
125.100000 415.839790 484.542250 445.342800 2.993569 -0.213239 0.258609 0.626456 0.182489 -1.022184 0.000526 -0.020496 0.082689
125.100000 150.506450 189.935420 249.591090 0.306124 0.375961 0.258609 1.686144 -1.088369 -0.221814 -0.020967 0.103811 0.085806
125.100000 414.453190 506.949720 427.569290 0.487385 0.951440 0.258609 1.316436 1.043335 -1.408331 0.003981 -0.018417 0.082694
125.100000 258.258410 441.058580 470.173590 1.531782 0.823028 0.258609 5.924681 -2.989232 -2.112421 -0.014834 0.106829 0.083608
125.100000 243.594470 431.929860 422.883470 3.559769 -0.426793 0.258609 3.522317 -1.846771 -2.102339 -0.010917 -0.028026 0.082588
125.100000 848.953400 882.840190 947.840300 2.180181 0.674552 0.258609 6.546697 -4.902403 -0.969742 -0.004827 0.114084 0.083003
125.100000 107.125530 314.864320 305.241470 3.156378 0.682251 0.258609 3.382247 -1.251393 -1.448603 -0.016321 -0.031246 0.082248
125.100000 803.511000 865.387330 920.676800 1.458280 0.485645 0.258609 7.162089 -4.970031 -1.706413 -0.005234 0.114932 0.083016
125.100000 275.010480 534.003140 527.482810 1.346837 1.075668 0.258609 7.771661 -3.233626 -3.462367 -0.012616 -0.028209 0.082675
125.100000 289.721700 470.826000 499.955360 3.626609 1.858160 0.258609 7.344864 -3.210637 -2.276067 -0.013793 0.106460 0.083501
125.100000 700.581870 769.845360 732.860050 0.399985 1.146952 0.258609 2.676098 0.153829 -1.682975 0.000153 -0.021184 0.082784
125.100000 710.104090 933.602860 927.265140 3.725356 -0.524100 0.258609 11.227266 -5.680798 -6.070568 -0.006148 -0.024274 0.082799
125.100000 463.103500 606.384520 641.454880 3.087067 -0.314163 0.258609 6.196496 -3.978480 -2.532179 -0.009460 0.110253 0.083218
125.100000 636.069080 783.595460 818.292540 3.391625 1.421070 0.258609 10.179706 -5.297766 -3.460869 -0.007425 0.111769 0.083066
125.100000 365.717360 501.866800 538.396450 3.850394 0.090834 0.258609 5.250513 -3.207780 -1.951899 -0.011208 0.110888 0.083399
125.100000 384.442360 463.685380 513.229710 1.933960 -0.602911 0.258609 3.217857 -2.710183 -1.110586 -0.010132 0.112790 0.083449
125.100000 356.349130 478.040710 465.347290 0.467050 0.430813 0.258609 3.390804 -1.282117 -1.677874 -0.005612 -0.024381 0.082670
125.100000 521.416090 657.724680 694.008680 2.434192 1.303829 0.258609 8.236650 -4.276879 -2.655942 -0.008516 0.110580 0.083157
125.100000 431.165630 536.325040 578.841750 2.028631 0.892464 0.258609 5.821870 -3.248185 -1.681221 -0.009446 0.110898 0.083305
125.100000 326.099740 412.462500 458.680340 2.804833 1.613415 0.258609 5.052063 -2.384641 -1.054007 -0.011476 0.108093 0.083592
125.100000 521.318270 674.028300 707.698050 0.714986 0.722112 0.258609 8.292467 -4.553939 -3.016416 -0.008779 0.110694 0.083147
125.100000 371.122890 484.457090 525.220090 2.899457 -0.133938 0.258609 4.430935 -2.962546 -1.602328 -0.010750 0.110694 0.083420
125.100000 140.253800 201.656470 253.709890 4.006209 -0.944196 0.258609 0.533019 -1.130295 -0.346920 -0.021292 0.103113 0.085723
125.100000 227.194810 261.902320 324.679860 2.769754 -0.688772 0.258609 1.089255 -1.497517 -0.280510 -0.015389 0.108081 0.084462
125.100000 219.047660 223.005090 298.833480 2.810398 0.311741 0.258609 1.677316 -1.336667 -0.028908 -0.016528 0.106954 0.084778
125.100000 680.117810 680.388240 760.022930 3.465482 0.137952 0.258609 3.941066 -3.797034 -0.006080 -0.005941 0.112932 0.083096
125.100000 443.895180 541.796830 526.187090 3.273043 -0.370642 0.258609 2.267666 -1.043674 -1.594634 -0.003430 -0.022730 0.082718
125.100000 477.677890 518.420660 580.444350 2.408515 -0.032194 0.258609 3.561549 -2.923114 -0.670630 -0.008203 0.112998 0.083298
125.100000 671.709410 739.167510 792.027750 1.473944 0.090568 0.258609 5.910993 -4.247700 -1.572726 -0.006160 0.112784 0.083076
125.100000 309.565680 445.494430 316.134620 0.919154 0.706934 0.258609 0.842772 1.560149 -1.695987 0.009713 -0.014883 0.082617
125.100000 845.601060 932.155520 914.229050 2.717100 1.873044 0.258609 5.864504 -1.448781 -2.542679 -0.001490 -0.021829 0.082803
125.100000 384.566850 440.459990 497.197470 3.468058 -0.933848 0.258609 2.348380 -2.520226 -0.762003 -0.009988 0.113120 0.083488
125.100000 258.032840 329.103410 379.737580 3.422061 0.938295 0.258609 3.503557 -1.875723 -0.689539 -0.013721 0.108581 0.083994
125.100000 449.476760 591.847890 627.502510 3.704660 0.133739 0.258609 6.470247 -3.886667 -2.449841 -0.009702 0.111850 0.083242
125.100000 197.850500 269.164760 220.469140 2.206648 1.190198 0.258609 1.502903 0.237643 -0.550348 0.002881 -0.019393 0.082246
125.100000 693.812500 704.762280 779.431680 3.055201 0.337983 0.258609 4.506730 -3.915689 -0.253058 -0.005811 0.113463 0.083084
125.100000 225.046400 312.503850 237.877570 2.071496 0.217803 0.258609 0.414110 0.580558 -0.776865 0.006481 -0.016826 0.082397
125.100000 8.687820 213.757640 201.215010 3.199251 0.482227 0.258609 1.817808 -0.581783 -0.753798 -0.020217 -0.033144 0.081205
125.100000 652.167260 655.218180 734.439300 3.631017 1.032731 0.258609 4.802939 -3.704296 -0.065912 -0.006242 0.115666 0.083122
125.100000 799.163860 939.759320 975.840760 4.151462 1.339845 0.258609 11.704123 -6.324277 -4.040001 -0.006055 0.112885 0.082996
125.100000 741.742550 873.202680 750.284400 2.928651 0.267735 0.258609 0.688935 3.086978 -3.508178 0.003957 -0.018596 0.082794
125.100000 458.034440 620.152850 652.501760 3.337205 1.805430 0.258609 8.942815 -4.248992 -2.888393 -0.009860 0.110704 0.083210
125.100000 285.698840 431.854220 465.937260 3.159613 -0.583995 0.258609 3.893290 -2.744285 -1.733000 -0.013405 0.107327 0.083598
125.100000 410.536290 715.054540 734.298850 3.509888 0.012269 0.258609 12.262079 -6.585805 -5.664006 -0.013032 0.107766 0.083148
125.100000 440.398000 669.534360 694.685410 4.033848 1.063070 0.258609 10.602280 -5.336589 -4.202622 -0.011320 0.111769 0.083182
125.100000 707.807930 835.038160 873.981330 1.639948 -0.061103 0.258609 8.625898 -5.443287 -3.243715 -0.006559 0.114573 0.083040
125.100000 814.763140 862.124210 922.986410 3.118917 -0.166184 0.258609 6.049195 -4.903012 -1.312367 -0.005123 0.116885 0.083017
125.100000 74.024617 371.163120 391.789900 1.899146 -0.652732 0.258609 4.239187 -2.706011 -2.185908 -0.023548 0.101428 0.084170
125.100000 502.298410 519.967910 591.046250 2.565552 0.125551 0.258609 3.332372 -2.908339 -0.298482 -0.007805 0.111893 0.083274
125.100000 72.507476 426.215240 444.052910 3.090837 0.194468 0.258609 6.537440 -3.428006 -2.914966 -0.023225 0.100902 0.083870
125.100000 116.512740 431.986260 450.753180 4.012737 -0.117105 0.258609 6.149113 -3.406860 -2.859358 -0.021510 0.100218 0.083780
125.100000 739.715180 841.665060 885.693630 0.127068 1.269676 0.258609 9.111393 -5.177603 -2.664114 -0.005997 0.113907 0.083031
125.100000 687.654400 694.036640 770.766920 0.677451 -0.067690 0.258609 3.938294 -3.860266 -0.145718 -0.005864 0.113182 0.083089
125.100000 88.497179 192.093490 172.821210 3.109852 0.173766 0.258609 0.902017 -0.247913 -0.480338 -0.010220 -0.027546 0.081285
125.100000 871.016470 878.862650 955.368740 1.842573 0.590450 0.258609 5.681987 -4.864657 -0.226880 -0.004701 0.114559 0.083001
125.100000 332.475890 578.489790 571.920800 2.017882 1.220899 0.258609 8.377789 -3.453568 -3.703322 -0.011045 -0.027220 0.082707
125.100000 447.655380 589.884000 625.483830 0.594911 -0.247827 0.258609 6.059090 -3.868425 -2.438492 -0.009723 0.111550 0.083244
125.100000 630.820990 734.211240 719.763670 3.589865 0.342408 0.258609 4.312420 -1.637884 -2.332127 -0.002787 -0.022772 0.082776
125.100000 235.745400 456.633840 448.713590 0.119882 0.619812 0.258609 5.437315 -2.290261 -2.527242 -0.012362 -0.028912 0.082605
125.100000 134.683260 435.077140 454.536860 2.352584 1.274464 0.258609 7.503038 -3.400354 -2.828220 -0.020725 0.100986 0.083750
125.100000 148.397920 476.530630 495.022090 1.780363 1.274585 0.258609 8.645361 -3.982259 -3.388517 -0.020337 0.104058 0.083624
125.100000 55.704423 478.892700 494.390960 2.320802 0.510125 0.258609 8.485518 -4.236956 -3.738437 -0.023382 0.100071 0.083675
125.100000 826.170970 861.294630 926.184780 3.805084 1.589724 0.258609 7.381904 -4.812770 -0.979410 -0.004978 0.115184 0.083013
125.100000 746.446300 884.708170 921.451230 3.325930 0.077827 0.258609 9.724542 -5.919990 -3.726725 -0.006401 0.113834 0.083018
125.100000 695.229770 865.807880 897.198770 3.671389 0.752386 0.258609 11.381681 -6.229155 -4.400140 -0.007245 0.112038 0.083028
125.100000 268.964790 410.981900 445.427410 2.402165 0.282341 0.258609 4.448628 -2.570609 -1.595678 -0.013861 0.106107 0.083668
125.100000 111.810130 204.288720 183.170470 2.516750 0.156236 0.258609 0.851917 -0.212629 -0.483052 -0.007537 -0.025982 0.081586
125.100000 275.141890 386.057190 283.854250 2.019538 1.698964 0.258609 1.859919 1.050908 -1.211863 0.008254 -0.015629 0.082551
125.100000 366.992060 606.564850 630.617890 4.075029 0.744100 0.258609 9.435876 -4.837626 -3.854150 -0.012882 0.110126 0.083263
125.100000 210.572670 294.599190 224.429960 4.082059 -0.427659 0.258609 -0.228440 0.502213 -0.701432 0.006237 -0.017080 0.082334
125.100000 264.416700 393.954620 270.937190 2.126784 -0.470968 0.258609 -0.355601 1.293914 -1.409281 0.010657 -0.014009 0.082549
125.100000 320.512470 397.689300 338.274950 2.378177 1.910556 0.258609 2.297287 0.529201 -0.915932 0.003126 -0.018660 0.082600
125.100000 704.458850 827.980010 867.970260 0.172417 -0.004491 0.258609 8.492769 -5.369350 -3.127910 -0.006558 0.115781 0.083044
125.100000 216.128380 480.068260 501.858590 1.334589 1.303999 0.258609 8.084043 -3.743590 -3.036454 -0.017341 0.105221 0.083550
125.100000 612.539880 713.642790 698.752470 2.381336 0.927652 0.258609 4.663851 -1.520571 -2.215628 -0.002750 -0.022749 0.082773
125.100000 418.758610 437.071540 508.365100 0.939716 0.237354 0.258609 2.982952 -2.486612 -0.258985 -0.009278 0.113263 0.083451
125.100000 838.660100 918.321190 856.624230 2.708744 1.082228 0.258609 2.088716 1.306340 -2.312827 0.001333 -0.019667 0.082803
125.100000 420.130420 631.205010 657.924060 2.674770 -0.252051 0.258609 8.220237 -4.805321 -3.666967 -0.011360 0.111118 0.083218
125.100000 79.600394 86.852315 154.979320 1.162460 -0.051964 0.258609 0.532423 -0.564440 -0.019947 -0.036724 0.089477 0.092101
125.100000 748.656690 949.926870 942.995810 1.938503 0.647318 0.258609 11.512354 -5.215717 -5.649319 -0.005367 -0.023795 0.082801
125.100000 475.178810 574.608800 559.214600 1.584438 -0.420316 0.258609 2.452513 -1.147990 -1.724839 -0.003318 -0.022899 0.082732
125.100000 137.434240 264.714720 301.088530 1.670050 -0.137950 0.258609 2.233857 -1.525986 -0.845821 -0.020437 0.101864 0.084855
125.100000 653.634650 756.778660 800.989140 0.377909 0.221071 0.258609 7.304994 -4.680002 -2.403921 -0.006726 0.115392 0.083080
125.100000 193.876840 233.667700 293.968750 0.751205 -0.109639 0.258609 1.504129 -1.332646 -0.281122 -0.017324 0.106370 0.084869
125.100000 172.007650 381.095040 407.378710 2.232166 1.206286 0.258609 5.713219 -2.595921 -1.911012 -0.018610 0.104551 0.083938
125.100000 803.134130 869.584800 923.411470 2.346092 -0.436822 0.258609 6.426298 -5.026362 -1.836759 -0.005267 0.114854 0.083014
