99207 0.12500000E+03 0.66366392E+02 0.45863137E+03 0.47009584E+03 0.13704823 0.017381653 1.43e-01 Excluded by XENON1T_2018  100.0% 
99561 0.12500000E+03 0.71361426E+02 0.19968197E+03 0.20151555E+03 7.338242 0.016532041 9.04e-02 Excluded by XENON1T_2018  100.0% 
99634 0.12500000E+03 0.67762974E+02 0.21483055E+03 0.24611316E+03 0.0010215537 0.021509536 1.22e-01 Excluded by XENON1T_2018  100.0% 
100218 0.12500000E+03 0.70675629E+02 0.19328213E+03 0.18681023E+03 19.299769 0.0070269919 1.26e-01 Excluded by XENON1T_2018  95.5% 
100290 0.12500000E+03 0.71029323E+02 0.16388302E+03 0.16809602E+03 0.41731322 0.002651724 1.33e-01 XENON-OK
100803 0.12500000E+03 0.75967415E+03 0.76057788E+03 0.76503854E+03 15.562852 0.0030634954 1.36e-01 XENON-OK
100810 0.12500000E+03 0.69814640E+02 0.43513553E+03 0.43423967E+03 0.012242725 0.0035609413 1.44e-01 XENON-OK
100882 0.12500000E+03 0.54886709E+03 0.55162230E+03 0.54988889E+03 0.061295529 0.027753385 1.07e-01 XENON-OK
100884 0.12500000E+03 0.72122547E+02 0.15812919E+03 0.13727196E+03 1.3966258 0.0012066734 1.16e-01 XENON-OK
101780 0.12500000E+03 0.71892056E+02 0.37458399E+03 0.37206051E+03 5.4206031 0.0074838256 9.03e-02 Excluded by XENON1T_2018  96.6% 
102478 0.12500000E+03 0.71156952E+02 0.56242280E+03 0.57013559E+03 0.0085361862 0.0011505318 1.16e-01 XENON-OK
102579 0.12500000E+03 0.68889189E+02 0.89112285E+02 0.12150229E+03 8.467794 0.020092701 1.35e-01 Excluded by XENON1T_2018  100.0% 
102732 0.12500000E+03 0.71889910E+02 0.29903975E+03 0.31551282E+03 1.9733221 0.0019976113 1.01e-01 XENON-OK
102942 0.12500000E+03 0.66230673E+02 0.23787184E+03 0.23384106E+03 0.0034154499 0.018978528 1.39e-01 Excluded by XENON1T_2018  100.0% 
103932 0.12500000E+03 0.69569665E+02 0.12929835E+03 0.16203492E+03 0.0030511931 0.026497458 9.91e-02 Excluded by XENON1T_2018  100.0% 
104233 0.12500000E+03 0.71110550E+02 0.40226707E+03 0.40605394E+03 1.9447266 0.0019049846 1.17e-01 XENON-OK
104281 0.12500000E+03 0.65240921E+03 0.65542777E+03 0.65626974E+03 0.047245002 0.0040498362 1.23e-01 XENON-OK
104749 0.12500000E+03 0.68429637E+02 0.86110893E+02 0.13668830E+03 0.0035408952 0.025624773 1.15e-01 Excluded by XENON1T_2018  100.0% 
104892 0.12500000E+03 0.58120877E+03 0.58121547E+03 0.58706009E+03 0.067715016 0.0031625128 9.10e-02 XENON-OK
104926 0.12500000E+03 0.73076029E+03 0.73665338E+03 0.73335958E+03 0.051289707 0.0034066662 1.36e-01 XENON-OK
105689 0.12500000E+03 0.71720260E+02 0.11949979E+03 0.10821310E+03 0.087213636 0.0080433245 1.23e-01 Excluded by XENON1T_2018  98.2% 
106112 0.12500000E+03 0.65103966E+02 0.18671340E+03 0.21668350E+03 12.668758 0.023098214 1.03e-01 Excluded by XENON1T_2018  100.0% 
106327 0.12500000E+03 0.68844977E+02 0.63891448E+03 0.64716685E+03 0.020438988 0.015302657 1.24e-01 Excluded by XENON1T_2018  100.0% 
106434 0.12500000E+03 0.63682216E+02 0.38176628E+03 0.38977582E+03 9.9847198 0.012535879 1.22e-01 Excluded by XENON1T_2018  100.0% 
106641 0.12500000E+03 0.71049172E+02 0.14746160E+03 0.17616229E+03 0.028681548 0.020856095 9.04e-02 Excluded by XENON1T_2018  100.0% 
106967 0.12500000E+03 0.68820882E+02 0.19563519E+03 0.20291966E+03 0.0053784453 0.016001482 1.32e-01 Excluded by XENON1T_2018  100.0% 
107323 0.12500000E+03 0.70873487E+02 0.45148641E+03 0.44768386E+03 24.806218 0.0010702434 1.24e-01 XENON-OK
107485 0.12500000E+03 0.64264166E+02 0.11883112E+03 0.10341897E+03 0.0039497641 0.019843326 1.04e-01 Excluded by XENON1T_2018  100.0% 
107528 0.12500000E+03 0.69033089E+02 0.18904692E+03 0.22021649E+03 0.23997951 0.012361542 1.40e-01 Excluded by XENON1T_2018  100.0% 
107543 0.12500000E+03 0.71613687E+02 0.57515668E+03 0.57393992E+03 18.487219 0.0013703214 1.05e-01 XENON-OK
107550 0.12500000E+03 0.71218061E+02 0.15652246E+03 0.19867061E+03 6.0555892 0.018362135 9.02e-02 Excluded by XENON1T_2018  100.0% 
107618 0.12500000E+03 0.67721489E+02 0.24096957E+03 0.25186834E+03 0.0085765943 0.020658361 1.25e-01 Excluded by XENON1T_2018  100.0% 
107692 0.12500000E+03 0.64420182E+02 0.63160926E+03 0.63621947E+03 5.4098765 0.020905653 9.27e-02 Excluded by XENON1T_2018  100.0% 
107923 0.12500000E+03 0.70753235E+02 0.31251701E+03 0.31569532E+03 0.2717798 0.0027573922 1.26e-01 XENON-OK
108092 0.12500000E+03 0.70782337E+02 0.15234013E+03 0.18981151E+03 0.18848355 0.018476095 9.73e-02 Excluded by XENON1T_2018  100.0% 
9530 0.12500000E+03 0.71318600E+02 0.34937838E+03 0.36424065E+03 0.56655678 0.0016166683 1.14e-01 XENON-OK
9643 0.12500000E+03 0.71346450E+02 0.12135910E+03 0.15881447E+03 0.41378282 0.0034790354 1.26e-01 XENON-OK
9693 0.12500000E+03 0.64884204E+02 0.20065736E+03 0.21949873E+03 0.17574411 0.016930695 1.37e-01 Excluded by XENON1T_2018  100.0% 
9761 0.12500000E+03 0.70989582E+02 0.11909397E+03 0.15268674E+03 0.35211584 0.0014009909 1.44e-01 XENON-OK
109336 0.12500000E+03 0.74842599E+03 0.75111911E+03 0.75390365E+03 0.13828106 0.0049321208 1.27e-01 XENON-OK
110063 0.12500000E+03 0.69695771E+03 0.70095595E+03 0.70056819E+03 0.012744853 0.14682704 9.53e-02 XENON-OK
110655 0.12500000E+03 0.67896011E+02 0.47173924E+03 0.47813745E+03 0.21629103 0.01954129 1.23e-01 Excluded by XENON1T_2018  100.0% 
110995 0.12500000E+03 0.68916413E+02 0.12383755E+03 0.13629535E+03 0.034290246 0.027592949 1.06e-01 Excluded by XENON1T_2018  100.0% 
111126 0.12500000E+03 0.74738512E+03 0.74768785E+03 0.74848255E+03 0.022333031 0.36198027 9.32e-02 Excluded by XENON1T_2018  100.0% 
111965 0.12500000E+03 0.54657533E+03 0.54814907E+03 0.54974436E+03 0.0053386417 0.050680403 9.33e-02 XENON-OK
112098 0.12500000E+03 0.72969103E+03 0.73923116E+03 0.73318051E+03 0.0076622498 0.018060969 9.08e-02 XENON-OK
112143 0.12500000E+03 0.70433784E+02 0.19236437E+03 0.19769332E+03 0.016223078 0.014755316 1.10e-01 Excluded by XENON1T_2018  100.0% 
112305 0.12500000E+03 0.72079855E+02 0.12519770E+03 0.11463940E+03 7.9289878 0.0014370022 1.27e-01 XENON-OK
112620 0.12500000E+03 0.77978969E+03 0.78609217E+03 0.78229753E+03 0.21530865 0.032402081 1.37e-01 XENON-OK
112808 0.12500000E+03 0.66769350E+02 0.24624941E+03 0.24708982E+03 0.84962323 0.025872902 1.08e-01 Excluded by XENON1T_2018  100.0% 
113223 0.12500000E+03 0.69850582E+02 0.54776185E+03 0.55070132E+03 0.722792 0.014689408 1.10e-01 Excluded by XENON1T_2018  100.0% 
113351 0.12500000E+03 0.65587971E+02 0.15311712E+03 0.13120787E+03 0.012171563 0.020208844 1.37e-01 Excluded by XENON1T_2018  100.0% 
113527 0.12500000E+03 0.77267857E+03 0.77308788E+03 0.77878410E+03 0.057839211 0.012276337 1.24e-01 XENON-OK
113978 0.12500000E+03 0.69375026E+02 0.14870435E+03 0.17379725E+03 1.6674969 0.01791286 1.22e-01 Excluded by XENON1T_2018  100.0% 
114247 0.12500000E+03 0.70891994E+02 0.35745223E+03 0.35522639E+03 0.0011754137 0.008700914 1.07e-01 Excluded by XENON1T_2018  99.3% 
114537 0.12500000E+03 0.70032659E+02 0.14890789E+03 0.15668091E+03 0.010606865 0.016273731 1.19e-01 Excluded by XENON1T_2018  100.0% 
115036 0.12500000E+03 0.71560133E+02 0.23232606E+03 0.22255166E+03 0.04602081 0.0027168816 1.12e-01 XENON-OK
115911 0.12500000E+03 0.69041896E+02 0.54277334E+03 0.54922010E+03 17.529007 0.01616035 1.19e-01 Excluded by XENON1T_2018  100.0% 
116367 0.12500000E+03 0.76349554E+03 0.77102101E+03 0.76398040E+03 0.021854252 0.0055880538 1.28e-01 XENON-OK
117024 0.12500000E+03 0.63017118E+02 0.35364157E+03 0.36795774E+03 0.034565104 0.0068338918 1.38e-01 Excluded by XENON1T_2018  98.4% 
117234 0.12500000E+03 0.66926840E+02 0.53491313E+03 0.54522569E+03 0.023508094 0.026296867 1.04e-01 Excluded by XENON1T_2018  100.0% 
118375 0.12500000E+03 0.69868821E+02 0.70132886E+03 0.70588912E+03 0.017967465 0.001015679 1.49e-01 XENON-OK
10036 0.12500000E+03 0.66094238E+02 0.47962243E+03 0.49478728E+03 0.0052257088 0.016237575 1.49e-01 Excluded by XENON1T_2018  100.0% 
10040 0.12500000E+03 0.66587355E+03 0.66704925E+03 0.66955926E+03 0.0075864524 0.16924072 9.46e-02 Excluded by XENON1T_2018  91.6% 
10442 0.12500000E+03 0.62782827E+02 0.28116793E+03 0.28777120E+03 0.035628605 0.0056770434 1.10e-01 Excluded by XENON1T_2018  93.6% 
119244 0.12500000E+03 0.76849902E+03 0.77584099E+03 0.77002426E+03 0.033306195 0.0056062188 1.31e-01 XENON-OK
120365 0.12500000E+03 0.70659938E+02 0.13808017E+03 0.17707711E+03 4.9312948 0.006807657 1.30e-01 Excluded by XENON1T_2018  94.5% 
120560 0.12500000E+03 0.62770310E+02 0.44461513E+03 0.44140330E+03 0.023525165 0.0044545055 1.45e-01 XENON-OK
120941 0.12500000E+03 0.71430805E+02 0.44912035E+03 0.45671398E+03 0.48433447 0.0071706156 9.85e-02 Excluded by XENON1T_2018  95.7% 
121054 0.12500000E+03 0.66020343E+02 0.47171545E+03 0.46678843E+03 9.4219484 0.017419872 1.42e-01 Excluded by XENON1T_2018  100.0% 
121412 0.12500000E+03 0.71974310E+02 0.94199362E+02 0.10449389E+03 1.2902997 0.0087021279 1.18e-01 Excluded by XENON1T_2018  99.1% 
122092 0.12500000E+03 0.71400094E+02 0.32364285E+03 0.31650929E+03 18.917408 0.0018781221 1.12e-01 XENON-OK
122122 0.12500000E+03 0.70565391E+02 0.46966289E+03 0.48350314E+03 0.0032406754 0.0018569654 1.29e-01 XENON-OK
123257 0.12500000E+03 0.69970566E+02 0.57044247E+03 0.57804782E+03 0.197656 0.0011466799 1.47e-01 XENON-OK
123298 0.12500000E+03 0.70054743E+02 0.57640301E+03 0.58738903E+03 19.849255 0.0075626841 1.25e-01 Excluded by XENON1T_2018  97.7% 
123394 0.12500000E+03 0.69745126E+02 0.33636086E+03 0.33559480E+03 1.3941845 0.023177596 9.47e-02 Excluded by XENON1T_2018  100.0% 
123622 0.12500000E+03 0.68672869E+02 0.32204882E+03 0.32983716E+03 0.011034294 0.028699082 9.27e-02 Excluded by XENON1T_2018  100.0% 
123966 0.12500000E+03 0.72051781E+02 0.50722330E+03 0.51250064E+03 1.0110644 0.0048176083 9.03e-02 XENON-OK
123977 0.12500000E+03 0.68232271E+02 0.31086043E+03 0.32354863E+03 0.42192807 0.022737721 1.11e-01 Excluded by XENON1T_2018  100.0% 
124788 0.12500000E+03 0.66921610E+02 0.27594191E+03 0.27180467E+03 0.026786824 0.024180433 1.14e-01 Excluded by XENON1T_2018  100.0% 
125266 0.12500000E+03 0.72359777E+03 0.73191780E+03 0.72725964E+03 0.0037149067 0.027267032 9.75e-02 XENON-OK
126846 0.12500000E+03 0.58049539E+03 0.58470932E+03 0.58475550E+03 0.24406354 0.01958783 9.03e-02 XENON-OK
127648 0.12500000E+03 0.65607774E+02 0.30494884E+03 0.32307003E+03 23.6514 0.02558749 9.89e-02 Excluded by XENON1T_2018  100.0% 
128572 0.12500000E+03 0.71586686E+02 0.24794296E+03 0.24817933E+03 5.4873791 0.0025530098 1.10e-01 XENON-OK
11771 0.12500000E+03 0.72910401E+02 0.13438239E+03 0.14023557E+03 2.0629605 0.0018747519 9.58e-02 XENON-OK
11780 0.12500000E+03 0.71409303E+02 0.63057407E+03 0.63425697E+03 0.19047976 0.0022460792 1.08e-01 XENON-OK
129341 0.12500000E+03 0.54225643E+03 0.54334957E+03 0.54341602E+03 7.9143058 0.025278008 1.11e-01 XENON-OK
129596 0.12500000E+03 0.69637212E+02 0.19242794E+03 0.21319309E+03 0.88792357 0.0075718743 1.45e-01 Excluded by XENON1T_2018  97.8% 
129814 0.12500000E+03 0.67210752E+02 0.68152397E+03 0.69205039E+03 4.598404 0.017003846 1.39e-01 Excluded by XENON1T_2018  100.0% 
129895 0.12500000E+03 0.70037532E+02 0.57613752E+03 0.58793298E+03 0.0035142936 0.0056357822 1.31e-01 XENON-OK
129942 0.12500000E+03 0.71469742E+02 0.51805741E+03 0.52246019E+03 0.0020083418 0.003665257 1.04e-01 XENON-OK
130151 0.12500000E+03 0.70616218E+02 0.26449098E+03 0.29022231E+03 0.0077448029 0.0020190409 1.32e-01 XENON-OK
12251 0.12500000E+03 0.71285117E+02 0.13974966E+03 0.18563793E+03 0.072906442 0.0026916532 1.24e-01 XENON-OK
12707 0.12500000E+03 0.69893676E+02 0.57790008E+03 0.58696179E+03 9.0932905 0.0035046207 1.41e-01 XENON-OK
13147 0.12500000E+03 0.75922913E+03 0.76276177E+03 0.76529281E+03 0.029526981 0.040338342 1.08e-01 XENON-OK
13206 0.12500000E+03 0.71699332E+03 0.71828668E+03 0.72351974E+03 0.040187442 0.044626188 9.98e-02 XENON-OK
13277 0.12500000E+03 0.67152905E+02 0.13808258E+03 0.13830641E+03 0.015072237 0.023809404 1.27e-01 Excluded by XENON1T_2018  100.0% 
13370 0.12500000E+03 0.71462411E+02 0.33285378E+03 0.32672315E+03 0.0035718588 0.0022663976 1.10e-01 XENON-OK
13371 0.12500000E+03 0.72208154E+02 0.12234351E+03 0.15464457E+03 0.80902205 0.010503068 9.30e-02 Excluded by XENON1T_2018  99.9% 
13580 0.12500000E+03 0.51270359E+03 0.51491109E+03 0.51321811E+03 1.2185327 0.041610974 9.72e-02 XENON-OK
13884 0.12500000E+03 0.61762955E+03 0.61905116E+03 0.62162784E+03 15.610274 0.0066134552 1.16e-01 XENON-OK
13974 0.12500000E+03 0.59221356E+03 0.59775080E+03 0.59586591E+03 0.027379617 0.0018504254 9.47e-02 XENON-OK
14249 0.12500000E+03 0.69354552E+02 0.89923340E+02 0.12102514E+03 5.7007717 0.020479736 1.28e-01 Excluded by XENON1T_2018  100.0% 
14560 0.12500000E+03 0.72224829E+02 0.12491758E+03 0.17583994E+03 2.9038301 0.0059446376 9.75e-02 XENON-OK
15207 0.12500000E+03 0.72706296E+03 0.73572167E+03 0.73128005E+03 10.09143 0.0080589369 9.55e-02 XENON-OK
15601 0.12500000E+03 0.69580573E+02 0.29965255E+03 0.29306366E+03 0.14287594 0.021374491 1.01e-01 Excluded by XENON1T_2018  100.0% 
15604 0.12500000E+03 0.69586697E+02 0.15832494E+03 0.16611320E+03 0.4030562 0.011816828 1.39e-01 Excluded by XENON1T_2018  100.0% 
15942 0.12500000E+03 0.70173450E+03 0.70545495E+03 0.70754666E+03 0.098035375 0.06747405 9.35e-02 XENON-OK
16019 0.12500000E+03 0.70260647E+02 0.52716288E+03 0.52530496E+03 3.0241578 0.0092003435 1.16e-01 Excluded by XENON1T_2018  99.7% 
16516 0.12500000E+03 0.69467831E+02 0.48541354E+03 0.48440007E+03 3.8711191 0.0065389953 1.42e-01 Excluded by XENON1T_2018  93.8% 
16754 0.12500000E+03 0.70374686E+02 0.20888686E+03 0.19470919E+03 0.007063736 0.0039655026 1.41e-01 XENON-OK
16760 0.12500000E+03 0.71487400E+02 0.37874437E+03 0.37893562E+03 3.7471445 0.0022712535 1.08e-01 XENON-OK
17413 0.12500000E+03 0.68490389E+02 0.17908757E+03 0.16991632E+03 0.0012952052 0.023047537 1.17e-01 Excluded by XENON1T_2018  100.0% 
17712 0.12500000E+03 0.72662066E+03 0.73304634E+03 0.72939178E+03 6.5543219 0.018743899 1.24e-01 XENON-OK
17919 0.12500000E+03 0.70705581E+02 0.20588333E+03 0.22330898E+03 2.7988071 0.01948402 9.34e-02 Excluded by XENON1T_2018  100.0% 
17947 0.12500000E+03 0.71481723E+02 0.42767175E+03 0.42195459E+03 2.826598 0.0041307938 1.04e-01 XENON-OK
18040 0.12500000E+03 0.72090808E+02 0.22014132E+03 0.21534889E+03 0.0056786893 0.0071394742 9.27e-02 Excluded by XENON1T_2018  95.2% 
18729 0.12500000E+03 0.65121087E+02 0.20360068E+03 0.21672196E+03 0.008187819 0.018903034 1.28e-01 Excluded by XENON1T_2018  100.0% 
93 0.12500000E+03 0.70870537E+02 0.46870159E+03 0.46375278E+03 9.1555625 0.0020919896 1.22e-01 XENON-OK
311 0.12500000E+03 0.67191574E+02 0.60091983E+03 0.60553660E+03 0.0072609667 0.028500373 9.69e-02 Excluded by XENON1T_2018  100.0% 
613 0.12500000E+03 0.72027150E+02 0.43403279E+03 0.44350119E+03 0.0013207832 0.0010531636 9.78e-02 XENON-OK
678 0.12500000E+03 0.70112813E+02 0.20059307E+03 0.21332824E+03 0.045737895 0.010615452 1.25e-01 Excluded by XENON1T_2018  100.0% 
685 0.12500000E+03 0.71634966E+02 0.45674086E+03 0.45758896E+03 3.932643 0.0073911343 9.42e-02 Excluded by XENON1T_2018  96.4% 
986 0.12500000E+03 0.61582518E+03 0.61985180E+03 0.61772885E+03 0.0026968615 0.11726149 9.78e-02 XENON-OK
19204 0.12500000E+03 0.69940123E+02 0.39603165E+03 0.38977069E+03 0.2406035 0.0084666249 1.27e-01 Excluded by XENON1T_2018  99.2% 
19725 0.12500000E+03 0.76833733E+03 0.76957459E+03 0.77464545E+03 0.59045808 0.0011555084 1.21e-01 XENON-OK
20683 0.12500000E+03 0.64122009E+02 0.26051872E+03 0.27738795E+03 0.014325781 0.015912864 1.16e-01 Excluded by XENON1T_2018  100.0% 
20786 0.12500000E+03 0.66231209E+02 0.20618713E+03 0.21480641E+03 0.29195021 0.023185716 1.18e-01 Excluded by XENON1T_2018  100.0% 
20891 0.12500000E+03 0.77237410E+03 0.77420189E+03 0.78013356E+03 0.0046025168 0.019178671 9.54e-02 XENON-OK
21654 0.12500000E+03 0.71048993E+02 0.28038977E+03 0.27859521E+03 0.020064327 0.0072210465 1.10e-01 Excluded by XENON1T_2018  96.1% 
21878 0.12500000E+03 0.65076339E+02 0.60551955E+03 0.61462113E+03 0.49861882 0.018988514 1.22e-01 Excluded by XENON1T_2018  100.0% 
22968 0.12500000E+03 0.71368265E+02 0.17929969E+03 0.21642794E+03 0.0029263538 0.0019128768 1.19e-01 XENON-OK
24976 0.12500000E+03 0.68786281E+02 0.82949328E+02 0.14350980E+03 1.177717 0.015920448 1.34e-01 Excluded by XENON1T_2018  100.0% 
25030 0.12500000E+03 0.76083090E+03 0.76616094E+03 0.76437085E+03 0.85420724 0.0054110637 1.41e-01 XENON-OK
25116 0.12500000E+03 0.48430065E+03 0.48482864E+03 0.48538470E+03 0.27533062 0.0026007905 9.27e-02 XENON-OK
25497 0.12500000E+03 0.64853269E+02 0.20041377E+03 0.20637097E+03 18.197546 0.022779297 9.91e-02 Excluded by XENON1T_2018  100.0% 
26062 0.12500000E+03 0.68961385E+02 0.78889135E+02 0.13143643E+03 0.088682112 0.001165881 1.32e-01 XENON-OK
26071 0.12500000E+03 0.71033883E+02 0.56001355E+03 0.56419562E+03 4.6661408 0.013594011 9.31e-02 Excluded by XENON1T_2018  100.0% 
26972 0.12500000E+03 0.71275461E+02 0.86194399E+02 0.12449080E+03 0.029811168 0.0070340017 1.24e-01 Excluded by XENON1T_2018  95.2% 
27142 0.12500000E+03 0.71642724E+03 0.72226033E+03 0.71745547E+03 2.4780028 0.096250292 1.20e-01 XENON-OK
27644 0.12500000E+03 0.67233506E+02 0.20077305E+03 0.20938764E+03 0.0014764103 0.024970972 1.14e-01 Excluded by XENON1T_2018  100.0% 
27811 0.12500000E+03 0.69390985E+02 0.31043463E+03 0.30769113E+03 0.0071135913 0.0094867539 1.37e-01 Excluded by XENON1T_2018  99.8% 
28126 0.12500000E+03 0.69747406E+02 0.60679548E+03 0.61751944E+03 2.5113576 0.014448227 1.12e-01 Excluded by XENON1T_2018  100.0% 
28300 0.12500000E+03 0.70091891E+02 0.24381812E+03 0.26801761E+03 0.44101936 0.0095929376 1.24e-01 Excluded by XENON1T_2018  99.8% 
28416 0.12500000E+03 0.67273784E+02 0.40466318E+03 0.40449971E+03 4.4932918 0.026586547 1.03e-01 Excluded by XENON1T_2018  100.0% 
28567 0.12500000E+03 0.71682352E+02 0.32062474E+03 0.31584456E+03 0.0045294434 0.009502987 9.18e-02 Excluded by XENON1T_2018  99.7% 
28892 0.12500000E+03 0.73154404E+03 0.73235545E+03 0.73826048E+03 0.035198717 0.0018192098 1.09e-01 XENON-OK
1342 0.12500000E+03 0.66888216E+02 0.26799976E+03 0.27283970E+03 0.0015616404 0.030352412 9.34e-02 Excluded by XENON1T_2018  100.0% 
1459 0.12500000E+03 0.67172152E+03 0.67965339E+03 0.67398414E+03 0.0015629509 0.0042157699 1.03e-01 XENON-OK
1630 0.12500000E+03 0.61923547E+03 0.62102853E+03 0.62389609E+03 0.042583202 0.0066458291 1.08e-01 XENON-OK
1692 0.12500000E+03 0.64099166E+02 0.25249574E+03 0.24755887E+03 0.23733379 0.014328143 1.30e-01 Excluded by XENON1T_2018  100.0% 
29023 0.12500000E+03 0.70906612E+02 0.22869493E+03 0.25114018E+03 0.37090635 0.0018360558 1.28e-01 XENON-OK
29166 0.12500000E+03 0.66419679E+02 0.16575283E+03 0.14607570E+03 1.3466091 0.028758105 1.02e-01 Excluded by XENON1T_2018  100.0% 
29557 0.12500000E+03 0.73429956E+03 0.74368653E+03 0.73437817E+03 0.0037053685 0.0012028457 1.01e-01 XENON-OK
29742 0.12500000E+03 0.63654634E+02 0.75133193E+02 0.11440516E+03 0.052642895 0.0082048316 1.51e-01 Excluded by XENON1T_2018  99.8% 
31055 0.12500000E+03 0.65293777E+02 0.23719767E+03 0.23055927E+03 0.060361853 0.02190941 1.13e-01 Excluded by XENON1T_2018  100.0% 
31308 0.12500000E+03 0.71428213E+02 0.17143192E+03 0.17419375E+03 20.981967 0.0063225168 1.13e-01 Excluded by XENON1T_2018  90.7% 
31721 0.12500000E+03 0.69033358E+02 0.52628205E+03 0.53280234E+03 0.074093557 0.024247904 9.81e-02 Excluded by XENON1T_2018  100.0% 
31868 0.12500000E+03 0.71409035E+02 0.85958186E+02 0.12486368E+03 3.8767034 0.0086370282 1.16e-01 Excluded by XENON1T_2018  99.1% 
31902 0.12500000E+03 0.70546168E+02 0.17476894E+03 0.18023894E+03 11.325589 0.0030122179 1.42e-01 XENON-OK
32605 0.12500000E+03 0.70602629E+02 0.33760938E+03 0.33736057E+03 2.7659441 0.0061033817 1.20e-01 XENON-OK
32696 0.12500000E+03 0.71249309E+02 0.20784599E+03 0.22147662E+03 0.15081754 0.0048953454 1.14e-01 XENON-OK
33147 0.12500000E+03 0.70050967E+03 0.70098692E+03 0.70532761E+03 5.013642 0.020690612 1.28e-01 XENON-OK
34300 0.12500000E+03 0.71911591E+02 0.11382258E+03 0.12781990E+03 0.015727918 0.0018123409 1.26e-01 XENON-OK
34343 0.12500000E+03 0.71992594E+02 0.31476286E+03 0.33548762E+03 0.0011816812 0.0029883499 9.68e-02 XENON-OK
34400 0.12500000E+03 0.64534980E+02 0.36299421E+03 0.38019988E+03 0.15805893 0.016048157 1.30e-01 Excluded by XENON1T_2018  100.0% 
35417 0.12500000E+03 0.72542223E+02 0.21890532E+03 0.21399719E+03 0.20778153 0.0022189972 9.20e-02 XENON-OK
35673 0.12500000E+03 0.67140970E+02 0.36292988E+03 0.38055912E+03 3.948535 0.025247846 1.08e-01 Excluded by XENON1T_2018  100.0% 
36226 0.12500000E+03 0.71161556E+02 0.52600551E+03 0.53955199E+03 0.094230158 0.0010740843 1.16e-01 XENON-OK
36603 0.12500000E+03 0.66168624E+02 0.76317209E+02 0.12202107E+03 0.001598204 0.017528365 1.12e-01 Excluded by XENON1T_2018  100.0% 
36961 0.12500000E+03 0.71645784E+02 0.17553315E+03 0.20151342E+03 2.1734262 0.0013159099 1.16e-01 XENON-OK
38145 0.12500000E+03 0.70185149E+03 0.70719137E+03 0.70477402E+03 0.15229513 0.0021516393 1.32e-01 XENON-OK
38637 0.12500000E+03 0.71416545E+02 0.12849896E+03 0.12439763E+03 0.005779123 0.010056535 1.17e-01 Excluded by XENON1T_2018  99.9% 
38771 0.12500000E+03 0.71720126E+02 0.34470633E+03 0.34796408E+03 0.046316103 0.0023310582 1.03e-01 XENON-OK
38876 0.12500000E+03 0.71161556E+02 0.41438440E+03 0.41781422E+03 4.3338594 0.0049412198 1.09e-01 XENON-OK
2533 0.12500000E+03 0.69441277E+02 0.16923452E+03 0.16216414E+03 0.0022528811 0.024902075 1.03e-01 Excluded by XENON1T_2018  100.0% 
2656 0.12500000E+03 0.71463707E+02 0.70980773E+03 0.71329032E+03 6.001275 0.0015672174 1.08e-01 XENON-OK
39052 0.12500000E+03 0.77738567E+03 0.78605524E+03 0.78310855E+03 0.039556081 0.0012786335 9.23e-02 XENON-OK
39082 0.12500000E+03 0.76828587E+03 0.77854336E+03 0.77209148E+03 0.0065146401 0.0022955826 9.06e-02 XENON-OK
39336 0.12500000E+03 0.72778034E+02 0.15229297E+03 0.12549082E+03 2.6191224 0.0081603874 9.12e-02 Excluded by XENON1T_2018  98.1% 
39693 0.12500000E+03 0.65662447E+02 0.58129268E+03 0.58244650E+03 0.012649373 0.023630133 1.07e-01 Excluded by XENON1T_2018  100.0% 
40009 0.12500000E+03 0.69610792E+02 0.18820650E+03 0.20497720E+03 0.0041354114 0.026528087 9.39e-02 Excluded by XENON1T_2018  100.0% 
41067 0.12500000E+03 0.70609379E+02 0.58959474E+03 0.59993584E+03 0.38534222 0.0057757352 1.17e-01 XENON-OK
41073 0.12500000E+03 0.71083593E+02 0.38235060E+03 0.39153037E+03 0.12778264 0.0010626958 1.20e-01 XENON-OK
41292 0.12500000E+03 0.65604377E+02 0.23272008E+03 0.24907246E+03 2.5103492 0.021787493 1.18e-01 Excluded by XENON1T_2018  100.0% 
41358 0.12500000E+03 0.71254361E+02 0.59136831E+03 0.60157248E+03 4.1048929 0.00259322 1.10e-01 XENON-OK
41597 0.12500000E+03 0.70330429E+02 0.21798680E+03 0.22990685E+03 0.0062956708 0.013921195 1.11e-01 Excluded by XENON1T_2018  100.0% 
41916 0.12500000E+03 0.68068461E+03 0.68427363E+03 0.68650087E+03 0.033998863 0.0024037077 1.05e-01 XENON-OK
42349 0.12500000E+03 0.71533042E+02 0.26616043E+03 0.25916661E+03 0.066240364 0.0018369941 1.12e-01 XENON-OK
42603 0.12500000E+03 0.71347836E+02 0.23966173E+03 0.23314682E+03 1.2807368 0.0052724019 1.10e-01 XENON-OK
43676 0.12500000E+03 0.69228444E+02 0.20963846E+03 0.20615593E+03 0.13729409 0.028194454 9.36e-02 Excluded by XENON1T_2018  100.0% 
43964 0.12500000E+03 0.71331295E+02 0.58362378E+03 0.58053328E+03 10.637866 0.010322682 9.38e-02 Excluded by XENON1T_2018  99.9% 
44409 0.12500000E+03 0.63450384E+02 0.52724295E+03 0.52630211E+03 17.577292 0.0089006331 1.54e-01 Excluded by XENON1T_2018  99.9% 
45583 0.12500000E+03 0.71281540E+02 0.16226211E+03 0.16020582E+03 0.030165928 0.0011656825 1.32e-01 XENON-OK
45713 0.12500000E+03 0.71333933E+02 0.18084120E+03 0.16777813E+03 0.17712051 0.0099342233 1.07e-01 Excluded by XENON1T_2018  99.9% 
46532 0.12500000E+03 0.62900487E+02 0.10003496E+03 0.12413540E+03 0.2207911 0.0069670189 1.18e-01 Excluded by XENON1T_2018  98.7% 
46693 0.12500000E+03 0.69498606E+03 0.69522344E+03 0.69932951E+03 0.59928212 0.0017035367 1.39e-01 XENON-OK
46901 0.12500000E+03 0.63762434E+03 0.63995286E+03 0.63868018E+03 4.2826644 0.17277617 1.06e-01 Excluded by XENON1T_2018  95.1% 
46930 0.12500000E+03 0.68183142E+02 0.25852798E+03 0.25006710E+03 0.37120237 0.027277161 1.01e-01 Excluded by XENON1T_2018  100.0% 
47396 0.12500000E+03 0.59788174E+03 0.59853173E+03 0.59888220E+03 0.0027906373 0.017853882 1.37e-01 XENON-OK
47747 0.12500000E+03 0.72942856E+02 0.16134981E+03 0.14541772E+03 0.0042533002 0.0032654168 9.10e-02 XENON-OK
48780 0.12500000E+03 0.69306632E+03 0.69902940E+03 0.69562078E+03 0.17787901 0.006309392 1.25e-01 XENON-OK
48821 0.12500000E+03 0.64751524E+02 0.19284301E+03 0.19975662E+03 0.024474807 0.01841683 1.23e-01 Excluded by XENON1T_2018  100.0% 
48841 0.12500000E+03 0.65000790E+02 0.38668013E+03 0.39835241E+03 0.044557518 0.021571717 1.06e-01 Excluded by XENON1T_2018  100.0% 
3489 0.12500000E+03 0.65369371E+02 0.18606945E+03 0.20155289E+03 0.0030119123 0.018025686 1.40e-01 Excluded by XENON1T_2018  100.0% 
3543 0.12500000E+03 0.78952915E+03 0.79702981E+03 0.79421595E+03 0.0013333109 0.025572505 1.07e-01 XENON-OK
50009 0.12500000E+03 0.71413639E+02 0.38903171E+03 0.38711734E+03 0.18558391 0.010597607 9.34e-02 Excluded by XENON1T_2018  99.9% 
50187 0.12500000E+03 0.72458941E+02 0.12785635E+03 0.11184652E+03 1.2317214 0.0020933975 1.16e-01 XENON-OK
50225 0.12500000E+03 0.71860003E+02 0.28035356E+03 0.28960668E+03 0.164268 0.0021955222 1.02e-01 XENON-OK
50300 0.12500000E+03 0.70399541E+02 0.90583611E+02 0.10738660E+03 0.45070618 0.012137988 1.43e-01 Excluded by XENON1T_2018  100.0% 
50788 0.12500000E+03 0.69424960E+02 0.63585471E+03 0.63330614E+03 0.1192444 0.0052774351 1.46e-01 XENON-OK
51280 0.12500000E+03 0.71084845E+02 0.17597951E+03 0.16466015E+03 0.014461775 0.001173459 1.36e-01 XENON-OK
52758 0.12500000E+03 0.56902407E+03 0.57305119E+03 0.57073587E+03 0.14466957 0.0031678133 1.08e-01 XENON-OK
52922 0.12500000E+03 0.67760515E+02 0.70163454E+03 0.70649344E+03 0.069861267 0.021373393 1.17e-01 Excluded by XENON1T_2018  100.0% 
53805 0.12500000E+03 0.70797580E+02 0.64198874E+03 0.64766908E+03 4.2099733 0.001036193 1.25e-01 XENON-OK
54493 0.12500000E+03 0.71421194E+02 0.39086639E+03 0.39464597E+03 0.42801274 0.0090942426 9.58e-02 Excluded by XENON1T_2018  99.5% 
55304 0.12500000E+03 0.71523476E+02 0.18320976E+03 0.20634218E+03 7.0004413 0.0032576366 1.13e-01 XENON-OK
56433 0.12500000E+03 0.69045785E+02 0.54569145E+03 0.54653634E+03 17.99476 0.024005297 9.85e-02 Excluded by XENON1T_2018  100.0% 
56528 0.12500000E+03 0.72654295E+02 0.13378975E+03 0.12073858E+03 1.972718 0.0017622115 1.08e-01 XENON-OK
56613 0.12500000E+03 0.72571817E+02 0.84935728E+02 0.13799361E+03 1.3963163 0.003399465 9.29e-02 XENON-OK
56827 0.12500000E+03 0.68071741E+02 0.58358516E+03 0.58235283E+03 0.0024056319 0.01515654 1.37e-01 Excluded by XENON1T_2018  100.0% 
57379 0.12500000E+03 0.68193156E+02 0.16031559E+03 0.17858341E+03 0.19228576 0.018014597 1.37e-01 Excluded by XENON1T_2018  100.0% 
58894 0.12500000E+03 0.70776972E+02 0.54754128E+03 0.54696530E+03 17.957622 0.0011927346 1.25e-01 XENON-OK
4183 0.12500000E+03 0.70691767E+02 0.34766396E+03 0.35791774E+03 0.42953894 0.003751427 1.23e-01 XENON-OK
4254 0.12500000E+03 0.64177844E+02 0.38076550E+03 0.38934103E+03 0.037475487 0.01718799 1.07e-01 Excluded by XENON1T_2018  100.0% 
4838 0.12500000E+03 0.71174252E+02 0.65771033E+03 0.65466461E+03 0.0019167136 0.0036688911 1.10e-01 XENON-OK
60385 0.12500000E+03 0.71452352E+02 0.11661324E+03 0.10861861E+03 0.10397939 0.0030199135 1.45e-01 XENON-OK
60711 0.12500000E+03 0.71465942E+02 0.51079153E+03 0.51818389E+03 0.0015195232 0.0083081739 9.53e-02 Excluded by XENON1T_2018  98.7% 
60714 0.12500000E+03 0.71220610E+02 0.85601273E+02 0.12525876E+03 0.0016578949 0.008998664 1.18e-01 Excluded by XENON1T_2018  99.5% 
60816 0.12500000E+03 0.62804553E+02 0.23086015E+03 0.22027462E+03 0.0037019509 0.005448126 1.25e-01 Excluded by XENON1T_2018  91.9% 
60901 0.12500000E+03 0.66888261E+02 0.69594375E+03 0.69715481E+03 1.2037436 0.02556091 1.06e-01 Excluded by XENON1T_2018  100.0% 
60961 0.12500000E+03 0.66755670E+02 0.40690649E+03 0.40393803E+03 0.02660227 0.016623746 1.46e-01 Excluded by XENON1T_2018  100.0% 
61026 0.12500000E+03 0.67147720E+02 0.75558054E+02 0.12417291E+03 4.9813552 0.010639636 9.82e-02 Excluded by XENON1T_2018  100.0% 
61228 0.12500000E+03 0.72945002E+02 0.88040429E+02 0.10722647E+03 0.63047353 0.0010293205 1.06e-01 XENON-OK
61620 0.12500000E+03 0.70040214E+02 0.33853238E+03 0.35532719E+03 0.021759735 0.0038183769 1.39e-01 XENON-OK
61835 0.12500000E+03 0.70851091E+02 0.25537719E+03 0.28100147E+03 1.4347837 0.0083974124 1.11e-01 Excluded by XENON1T_2018  99.0% 
61868 0.12500000E+03 0.63781816E+02 0.23084763E+03 0.25644258E+03 0.026745685 0.014899814 1.06e-01 Excluded by XENON1T_2018  100.0% 
62569 0.12500000E+03 0.71676809E+02 0.26787468E+03 0.26423632E+03 0.11908938 0.0026687259 1.07e-01 XENON-OK
62587 0.12500000E+03 0.67936021E+02 0.59843691E+03 0.60880036E+03 0.091616719 0.015315813 1.38e-01 Excluded by XENON1T_2018  100.0% 
62693 0.12500000E+03 0.72178739E+02 0.12494955E+03 0.10204431E+03 3.1505617 0.0033507231 1.27e-01 XENON-OK
62865 0.12500000E+03 0.67631412E+02 0.20965568E+03 0.22150587E+03 0.0060326423 0.026849388 1.06e-01 Excluded by XENON1T_2018  100.0% 
63356 0.12500000E+03 0.68491596E+02 0.11812887E+03 0.16946734E+03 0.21636458 0.03239224 9.27e-02 Excluded by XENON1T_2018  100.0% 
63488 0.12500000E+03 0.68018678E+02 0.15173042E+03 0.12700529E+03 0.22316936 0.023236908 1.28e-01 Excluded by XENON1T_2018  100.0% 
63864 0.12500000E+03 0.61989709E+03 0.62182036E+03 0.62392462E+03 0.014280381 0.0019878923 1.16e-01 XENON-OK
64136 0.12500000E+03 0.63698176E+02 0.63466014E+03 0.64405267E+03 7.2562002 0.010834173 1.44e-01 Excluded by XENON1T_2018  100.0% 
64544 0.12500000E+03 0.70051748E+02 0.40861649E+03 0.40405473E+03 15.999363 0.001815373 1.44e-01 XENON-OK
64728 0.12500000E+03 0.70203918E+02 0.47265534E+03 0.47571225E+03 0.12538054 0.0088537457 1.19e-01 Excluded by XENON1T_2018  99.5% 
65545 0.12500000E+03 0.66954556E+02 0.50425338E+03 0.50667353E+03 1.1122327 0.019204888 1.31e-01 Excluded by XENON1T_2018  100.0% 
66364 0.12500000E+03 0.73287743E+02 0.10095366E+03 0.11012018E+03 5.0312826 0.0020250562 9.77e-02 XENON-OK
67468 0.12500000E+03 0.70137087E+02 0.12410201E+03 0.12320943E+03 0.022076054 0.029924624 9.31e-02 Excluded by XENON1T_2018  100.0% 
67781 0.12500000E+03 0.65927002E+02 0.16929666E+03 0.17271295E+03 15.214202 0.019808281 1.37e-01 Excluded by XENON1T_2018  100.0% 
67873 0.12500000E+03 0.70908803E+02 0.61008677E+03 0.61491737E+03 9.7698927 0.0021632468 1.19e-01 XENON-OK
68096 0.12500000E+03 0.70749971E+02 0.26791446E+03 0.27391515E+03 0.10646309 0.0018747882 1.30e-01 XENON-OK
5326 0.12500000E+03 0.69033082E+03 0.69251959E+03 0.69619230E+03 0.87571476 0.0021452454 1.11e-01 XENON-OK
5933 0.12500000E+03 0.70913452E+02 0.58091225E+03 0.58337263E+03 0.082523692 0.002079026 1.20e-01 XENON-OK
69167 0.12500000E+03 0.78125605E+03 0.78923294E+03 0.78700075E+03 0.0029847949 0.0013287684 9.76e-02 XENON-OK
69275 0.12500000E+03 0.57958420E+03 0.58660265E+03 0.57987680E+03 0.0014170245 0.0093691138 9.40e-02 XENON-OK
69604 0.12500000E+03 0.70004094E+02 0.48951026E+03 0.48974899E+03 0.002886619 0.0076853703 1.26e-01 Excluded by XENON1T_2018  98.0% 
69719 0.12500000E+03 0.68534958E+02 0.33645974E+03 0.34854583E+03 5.4110234 0.012006548 1.44e-01 Excluded by XENON1T_2018  100.0% 
69821 0.12500000E+03 0.72529840E+02 0.11099477E+03 0.10999476E+03 5.0769314 0.014190774 9.22e-02 Excluded by XENON1T_2018  100.0% 
70317 0.12500000E+03 0.67060146E+02 0.56283926E+03 0.57201898E+03 0.32969516 0.021423352 1.21e-01 Excluded by XENON1T_2018  100.0% 
71214 0.12500000E+03 0.70838305E+02 0.24337055E+03 0.24828598E+03 6.1322092 0.01774556 9.33e-02 Excluded by XENON1T_2018  100.0% 
73466 0.12500000E+03 0.64421210E+02 0.12878900E+03 0.12036420E+03 0.035822369 0.015430358 1.46e-01 Excluded by XENON1T_2018  100.0% 
73729 0.12500000E+03 0.71704212E+02 0.12109593E+03 0.11302299E+03 0.026569437 0.0031254264 1.34e-01 XENON-OK
73944 0.12500000E+03 0.70669281E+02 0.18117643E+03 0.21914796E+03 0.60062668 0.0019398603 1.37e-01 XENON-OK
73992 0.12500000E+03 0.64360860E+02 0.12488799E+03 0.11806709E+03 0.0019779721 0.014723681 1.52e-01 Excluded by XENON1T_2018  100.0% 
74611 0.12500000E+03 0.71960944E+02 0.22972021E+03 0.23857815E+03 0.0010479453 0.0039671002 9.94e-02 XENON-OK
74739 0.12500000E+03 0.65023589E+02 0.38916216E+03 0.39125608E+03 0.038738472 0.019335261 1.20e-01 Excluded by XENON1T_2018  100.0% 
75608 0.12500000E+03 0.63309166E+02 0.58490557E+03 0.58725740E+03 0.22551863 0.0089420697 1.38e-01 Excluded by XENON1T_2018  99.9% 
75684 0.12500000E+03 0.71685392E+02 0.62645907E+03 0.62831587E+03 0.0037508471 0.0077803747 9.17e-02 Excluded by XENON1T_2018  97.6% 
75810 0.12500000E+03 0.68386051E+02 0.15129800E+03 0.14624338E+03 0.0075923328 0.03347825 9.23e-02 Excluded by XENON1T_2018  100.0% 
76045 0.12500000E+03 0.78775183E+03 0.79296255E+03 0.78834398E+03 0.13205826 0.30174896 9.16e-02 Excluded by XENON1T_2018  99.4% 
76418 0.12500000E+03 0.72321433E+02 0.29868548E+03 0.31389279E+03 0.0048374796 0.00221478 9.19e-02 XENON-OK
76567 0.12500000E+03 0.71907344E+02 0.21204995E+03 0.20113553E+03 10.18144 0.0035601995 1.04e-01 XENON-OK
76719 0.12500000E+03 0.78626910E+03 0.79535343E+03 0.78897117E+03 0.018084872 0.0020509166 1.09e-01 XENON-OK
76989 0.12500000E+03 0.68906956E+03 0.68992876E+03 0.69407643E+03 0.037906205 0.0071869685 1.24e-01 XENON-OK
77131 0.12500000E+03 0.71307647E+02 0.66969216E+03 0.67474092E+03 0.26642274 0.0019044486 1.10e-01 XENON-OK
77768 0.12500000E+03 0.70903483E+02 0.10608834E+03 0.13541987E+03 0.071124453 0.019150767 1.04e-01 Excluded by XENON1T_2018  100.0% 
78124 0.12500000E+03 0.71212474E+02 0.22556332E+03 0.22000362E+03 0.056786797 0.0013950085 1.24e-01 XENON-OK
78744 0.12500000E+03 0.71040812E+02 0.16318555E+03 0.18473888E+03 0.3501165 0.018094791 9.44e-02 Excluded by XENON1T_2018  100.0% 
6282 0.12500000E+03 0.70617738E+02 0.34419313E+03 0.34163353E+03 1.0745259 0.0026810643 1.28e-01 XENON-OK
6747 0.12500000E+03 0.69031301E+02 0.24467062E+03 0.24756972E+03 0.47934727 0.011891883 1.39e-01 Excluded by XENON1T_2018  100.0% 
6976 0.12500000E+03 0.71502465E+02 0.16965321E+03 0.15246040E+03 0.3077366 0.0062701502 1.15e-01 Excluded by XENON1T_2018  90.2% 
79452 0.12500000E+03 0.64467523E+02 0.56765230E+03 0.56447124E+03 0.038771988 0.020301221 9.77e-02 Excluded by XENON1T_2018  100.0% 
79478 0.12500000E+03 0.71495938E+02 0.18124943E+03 0.19915264E+03 0.046447304 0.0035500186 1.14e-01 XENON-OK
80190 0.12500000E+03 0.70152509E+02 0.67635736E+03 0.67283141E+03 2.0608163 0.017296887 9.91e-02 Excluded by XENON1T_2018  100.0% 
80434 0.12500000E+03 0.64799222E+02 0.32179749E+03 0.31527312E+03 0.11887605 0.019231524 1.16e-01 Excluded by XENON1T_2018  100.0% 
81780 0.12500000E+03 0.71534607E+02 0.12936835E+03 0.11749047E+03 3.0318985 0.0088800646 1.20e-01 Excluded by XENON1T_2018  99.4% 
82186 0.12500000E+03 0.77523476E+03 0.78243533E+03 0.78115519E+03 1.5596307 0.011825331 9.82e-02 XENON-OK
82403 0.12500000E+03 0.63172597E+02 0.32105264E+03 0.31455423E+03 12.012783 0.008925749 1.22e-01 Excluded by XENON1T_2018  99.9% 
83507 0.12500000E+03 0.64321521E+02 0.66977366E+03 0.66897756E+03 2.2871466 0.015526854 1.26e-01 Excluded by XENON1T_2018  100.0% 
84492 0.12500000E+03 0.76276334E+03 0.77220851E+03 0.76324399E+03 0.0023060133 0.020847821 1.02e-01 XENON-OK
86349 0.12500000E+03 0.67901018E+02 0.33057283E+03 0.35213415E+03 9.4933828 0.0249408 1.07e-01 Excluded by XENON1T_2018  100.0% 
86397 0.12500000E+03 0.68958569E+02 0.34101816E+03 0.34373363E+03 1.7976684 0.019186398 1.14e-01 Excluded by XENON1T_2018  100.0% 
86809 0.12500000E+03 0.70513937E+02 0.12646562E+03 0.14799004E+03 0.02792229 0.007267297 1.39e-01 Excluded by XENON1T_2018  96.6% 
87089 0.12500000E+03 0.70263866E+02 0.53485072E+03 0.53842830E+03 5.3282402 0.001051811 1.39e-01 XENON-OK
87677 0.12500000E+03 0.70111114E+02 0.41724810E+03 0.41627243E+03 0.0035576203 0.01683999 1.02e-01 Excluded by XENON1T_2018  100.0% 
88102 0.12500000E+03 0.71860048E+02 0.25932817E+03 0.27057312E+03 0.43586574 0.0016383085 1.04e-01 XENON-OK
88289 0.12500000E+03 0.64488667E+02 0.12812466E+03 0.13363950E+03 0.0067235029 0.021832011 9.71e-02 Excluded by XENON1T_2018  100.0% 
88497 0.12500000E+03 0.70562574E+02 0.41438543E+03 0.41970020E+03 0.022296349 0.0012023453 1.32e-01 XENON-OK
88653 0.12500000E+03 0.78844893E+03 0.79362484E+03 0.79605344E+03 0.0051240691 0.0096424875 9.20e-02 XENON-OK
88891 0.12500000E+03 0.72271499E+02 0.31042059E+03 0.32157725E+03 4.1674283 0.0028892473 9.16e-02 XENON-OK
88958 0.12500000E+03 0.57679425E+03 0.58157248E+03 0.57707717E+03 9.0420402 0.0020887907 1.11e-01 XENON-OK
7109 0.12500000E+03 0.71776944E+02 0.17789644E+03 0.20807883E+03 0.82545135 0.0023566797 1.10e-01 XENON-OK
7433 0.12500000E+03 0.71151409E+02 0.42178676E+03 0.43190458E+03 0.0065778178 0.0066848135 1.05e-01 Excluded by XENON1T_2018  93.4% 
7887 0.12500000E+03 0.68558562E+02 0.33886376E+03 0.33462995E+03 0.10093957 0.022233919 1.10e-01 Excluded by XENON1T_2018  100.0% 
89616 0.12500000E+03 0.70123854E+02 0.47153521E+03 0.47587171E+03 7.016351 0.0069240382 1.26e-01 Excluded by XENON1T_2018  95.4% 
90307 0.12500000E+03 0.68795893E+02 0.28566984E+03 0.28089120E+03 0.0024855751 0.017303814 1.23e-01 Excluded by XENON1T_2018  100.0% 
90911 0.12500000E+03 0.71587625E+02 0.13760779E+03 0.15518563E+03 1.1147362 0.0057471902 1.15e-01 XENON-OK
91377 0.12500000E+03 0.71927640E+02 0.15474361E+03 0.14369597E+03 0.37681143 0.0093086211 1.02e-01 Excluded by XENON1T_2018  99.6% 
91520 0.12500000E+03 0.70210221E+02 0.41424823E+03 0.41881304E+03 0.010143777 0.0054233122 1.29e-01 XENON-OK
91718 0.12500000E+03 0.71911547E+02 0.38809580E+03 0.39405676E+03 0.39377377 0.0012651823 1.00e-01 XENON-OK
91756 0.12500000E+03 0.69377932E+02 0.11548792E+03 0.13075250E+03 0.0011513596 0.014061634 1.46e-01 Excluded by XENON1T_2018  100.0% 
91891 0.12500000E+03 0.72812590E+02 0.94161588E+02 0.10943092E+03 11.416695 0.010150015 9.43e-02 Excluded by XENON1T_2018  99.8% 
91911 0.12500000E+03 0.69677714E+02 0.54433564E+03 0.55341855E+03 0.021548619 0.003364678 1.47e-01 XENON-OK
92206 0.12500000E+03 0.70134851E+02 0.27969669E+03 0.30096809E+03 0.073864678 0.006214407 1.31e-01 Excluded by XENON1T_2018  91.1% 
92581 0.12500000E+03 0.72022992E+02 0.10932809E+03 0.14258392E+03 0.0010039137 0.0016090427 1.18e-01 XENON-OK
93042 0.12500000E+03 0.71897331E+02 0.25694830E+03 0.27734268E+03 0.88078788 0.0025380262 1.01e-01 XENON-OK
93069 0.12500000E+03 0.71197543E+02 0.29455680E+03 0.29178894E+03 0.085126919 0.0058930088 1.09e-01 XENON-OK
93317 0.12500000E+03 0.77587943E+03 0.77830062E+03 0.78150175E+03 0.10841368 0.0059398719 1.31e-01 XENON-OK
94094 0.12500000E+03 0.71300226E+02 0.17747444E+03 0.19275296E+03 0.23475127 0.0076793297 1.10e-01 Excluded by XENON1T_2018  97.5% 
94593 0.12500000E+03 0.68180050E+03 0.68502166E+03 0.68541164E+03 0.29296258 0.0012269762 1.35e-01 XENON-OK
96015 0.12500000E+03 0.72691622E+02 0.14376909E+03 0.11579813E+03 1.4988922 0.00663998 9.90e-02 Excluded by XENON1T_2018  91.9% 
96062 0.12500000E+03 0.68820211E+02 0.13487640E+03 0.12014828E+03 1.9006565 0.020877316 1.32e-01 Excluded by XENON1T_2018  100.0% 
97170 0.12500000E+03 0.69430861E+02 0.40892302E+03 0.41245925E+03 0.43360396 0.019107123 1.07e-01 Excluded by XENON1T_2018  100.0% 
98025 0.12500000E+03 0.74792666E+03 0.75434250E+03 0.75450367E+03 0.0085526623 0.0080571217 9.30e-02 XENON-OK
98423 0.12500000E+03 0.71298572E+02 0.16693542E+03 0.14728521E+03 11.181237 0.0090561251 1.14e-01 Excluded by XENON1T_2018  99.5% 
8694 0.12500000E+03 0.69490882E+03 0.70057136E+03 0.69773331E+03 0.013867175 0.002346109 1.27e-01 XENON-OK
